102.041494  -0.005286
104.287274  -0.000260
105.640643  0.000420
108.228719  -0.000420
111.040133  0.000860
112.173103  -0.000580
113.698825  0.000340
116.013338  -0.000260
117.399147  -0.000240
119.117415  0.000180
121.777506  -0.000020
122.929650  -0.000220
124.469161  0.000380
126.085058  0.000040
128.881715  -0.000220
130.746975  -0.000320
132.046374  0.000740
133.794046  0.000060
135.955355  -0.000060
138.640655  -0.000700
141.361976  0.000440
143.899347  -0.000200
145.580772  0.000180
147.378333  0.000380
149.316740  -0.000280
151.268173  0.000100
153.418793  -0.000800
155.832225  0.000360
158.638989  0.000680
160.829121  -0.000440
162.383486  0.000100
165.058509  -0.000540
166.989335  0.000060
169.906237  0.000180
172.054574  0.000140
174.803594  0.000320
176.218278  -0.000700
178.426783  0.000060
181.272937  0.000540
183.891471  -0.000080
185.441863  -0.000420
187.990992  0.000700
189.500986  -0.000680
191.074755  -0.000120
192.518916  0.000220
194.168060  0.000320
195.504115  -0.000140
197.607675  -0.000540
200.233715  0.000500
202.848983  -0.000260
205.597746  0.000160
207.418830  0.000260
208.854452  0.000020
210.883035  -0.000160
213.618645  0.000140
216.085412  0.000200
218.814109  -0.000540
221.194287  0.000320
224.036903  -0.000240
226.383295  0.000140
229.039457  0.000160
231.652396  -0.000220
234.091072  0.000320
235.710305  -0.000500
237.946362  0.000440
240.125533  -0.000100
241.850177  -0.000280
243.614532  0.000000
246.491824  -0.000019
247.588315  0.000380
250.050626  0.000100
252.686293  -0.000440
255.029984  0.000700
257.185155  -0.000340
258.727680  -0.000240
259.746584  -0.000140
261.266365  0.000360
263.946995  -0.000540
266.946562  0.000280
268.495896  0.000160
270.954840  -0.000120
272.055870  -0.000300
274.026502  0.000580
276.938731  0.000140
278.024880  0.000080
280.569664  -0.000400
282.546197  0.000000
284.130096  -0.000119
286.226947  0.000020
288.331403  0.000140
290.794721  0.000200
292.262313  0.000020
294.565214  0.000040
297.463357  -0.000240
298.489996  -0.000520
592.372635  0.060355
594.473996  -2.094063
595.935884  -1.446013
598.094138  -2.154727
599.511471  -1.413486
601.933241  -1.642887
603.975850  0.000480
605.512964  -0.000560
607.619343  0.000380
610.160850  -0.000160
613.090317  -0.000040
615.284703  0.000000
616.608599  0.000279
618.140962  -0.000320
620.740590  -0.000180
623.515734  0.000140
625.137662  0.000000
626.585712  -0.000160
627.953228  -0.000020
629.991768  0.000480
632.506901  0.000140
634.832030  -0.000700
637.633978  0.000700
639.850465  -0.000640
642.373919  0.000060
644.025696  0.000080
645.541188  0.000240
646.739154  -0.000340
648.234227  0.000580
649.254077  0.000040
650.567124  -0.000580
653.395174  -0.000060
654.670136  -0.000100
655.707731  0.000279
656.729280  0.000020
659.555967  -0.000120
661.171677  0.000020
663.650961  0.000400
664.974599  -0.000260
667.634096  0.000260
669.877515  -0.000480
672.777414  0.000020
674.410120  0.000220
676.714810  0.000160
679.333102  -0.000320
682.317789  0.000080
683.814414  -0.000220
686.403338  0.000820
688.099146  -0.000500
691.020166  0.000300
693.987144  -0.000140
696.917769  -0.000140
699.169368  0.000160
702.139124  -0.000140
704.584710  0.000260
705.720616  -0.000520
707.529781  0.000540
708.686336  -0.000680
710.013009  0.000320
711.356467  0.000220
712.579581  0.000180
714.510580  -0.000460
716.477431  0.000400
718.558375  -0.000320
720.214824  0.000040
722.362160  -0.000280
724.429117  0.000240
726.328407  -0.000120
728.217955  0.000320
729.338881  -0.000400
732.070624  0.000040
733.198383  -0.000160
735.432853  0.000500
736.588982  -0.000300
739.238218  -0.000100
740.741296  0.000180
743.457790  0.000040
745.256387  0.000101
746.498601  -0.000360
748.730794  0.000460
751.464011  0.000140
752.526256  -0.000260
754.880601  0.000060
757.009283  -0.000300
758.438718  0.000420
759.574223  -0.000420
760.661815  0.000200
763.362240  -0.000400
765.943382  0.000260
767.470427  -0.000220
769.289585  0.000480
772.085226  -0.000260
774.195160  0.000460
775.275803  -0.000240
777.223961  -0.000420
778.674875  0.000260
781.601077  0.000040
783.252164  0.000020
786.126782  0.000041
787.677379  -0.000140
788.797950  0.000360
791.131095  -0.000600
792.833272  0.000280
794.956861  -0.000180
796.863015  0.000080
798.133247  0.000240
799.321081  -0.000440
