0 0.012053
1 0.006767
2 0.006507
3 0.006927
4 0.006507
5 0.007367
6 0.006787
7 0.007127
8 0.006867
9 0.006627
10 0.006807
11 0.006787
12 0.006567
13 0.006947
14 0.006987
15 0.006767
16 0.006447
17 0.007187
18 0.007247
19 0.007187
20 0.006487
21 0.006927
22 0.006727
23 0.006907
24 0.007287
25 0.007007
26 0.007107
27 0.006307
28 0.006667
29 0.007347
30 0.006907
31 0.007007
32 0.006467
33 0.006527
34 0.006707
35 0.006847
36 0.007167
37 0.006467
38 0.006527
39 0.007067
40 0.006987
41 0.006567
42 0.007267
43 0.006587
44 0.006467
45 0.006687
46 0.007007
47 0.006867
48 0.006327
49 0.006827
50 0.006567
51 0.006727
52 0.006987
53 0.007007
54 0.006847
55 0.006987
56 0.007187
57 0.006647
58 0.006967
59 0.006727
60 0.006867
61 0.007027
62 0.006807
63 0.007127
64 0.006627
65 0.007067
66 0.006967
67 0.006687
68 0.006687
69 0.006668
70 0.007048
71 0.007148
72 0.006708
73 0.007408
74 0.007068
75 0.006828
76 0.006688
77 0.007048
78 0.006508
79 0.006788
80 0.006948
81 0.006828
82 0.006528
83 0.007108
84 0.007248
85 0.007328
86 0.006928
87 0.006928
88 0.006809
89 0.006829
90 0.006969
91 0.007169
92 0.007189
93 0.007229
94 0.006989
95 0.006469
240 8.757985
241 6.663922
242 5.217909
243 3.063182
244 1.649696
245 0.006809
246 0.007289
247 0.006729
248 0.007109
249 0.006949
250 0.006909
251 0.006909
252 0.007188
253 0.006868
254 0.006688
255 0.006828
256 0.006828
257 0.006668
258 0.006648
259 0.007128
260 0.007268
261 0.006568
262 0.007268
263 0.006628
264 0.006688
265 0.006768
266 0.007008
267 0.006668
268 0.007248
269 0.007288
270 0.006708
271 0.006648
272 0.006548
273 0.006827
274 0.006847
275 0.006727
276 0.006747
277 0.007147
278 0.006887
279 0.007147
280 0.006667
281 0.006687
282 0.006907
283 0.007067
284 0.006747
285 0.006827
286 0.006607
287 0.007427
288 0.006927
289 0.007227
290 0.007087
291 0.006947
292 0.007107
293 0.006967
294 0.007227
295 0.006707
296 0.007247
297 0.006567
298 0.006887
299 0.007107
300 0.007287
301 0.006827
302 0.007227
303 0.006907
304 0.006947
305 0.006667
306 0.006907
307 0.006787
308 0.007107
309 0.006707
310 0.006747
311 0.006587
312 0.007087
313 0.006787
314 0.006687
315 0.006867
316 0.006907
317 0.007008
318 0.006648
319 0.007108
320 0.007248
321 0.006988
322 0.007048
323 0.006748
324 0.007168
325 0.006748
326 0.006948
327 0.006548
328 0.006808
329 0.006588
330 0.007068
331 0.006808
332 0.007268
333 0.007028
334 0.006608
335 0.006868
336 0.006908
337 0.006928
338 0.006969
339 0.006829
340 0.007189
341 0.006589
342 0.006869
343 0.006689
344 0.006769
345 0.007009
346 0.006569
