0                100.000000       100.012053       0.012053         220             
1                102.041494       102.048261       0.006767         220             
2                104.287274       104.293781       0.006507         220             
3                105.640643       105.647570       0.006927         220             
4                108.228719       108.235226       0.006507         220             
5                111.040133       111.047500       0.007367         220             
6                112.173103       112.179890       0.006787         220             
7                113.698825       113.705952       0.007127         220             
8                116.013338       116.020205       0.006867         220             
9                117.399147       117.405774       0.006627         220             
10               119.117415       119.124222       0.006807         220             
11               121.777506       121.784293       0.006787         220             
12               122.929650       122.936217       0.006567         220             
13               124.469161       124.476108       0.006947         220             
14               126.085058       126.092045       0.006987         220             
15               128.881715       128.888482       0.006767         220             
16               130.746975       130.753422       0.006447         220             
17               132.046374       132.053561       0.007187         220             
18               133.794046       133.801293       0.007247         220             
19               135.955355       135.962542       0.007187         220             
20               138.640655       138.647142       0.006487         220             
21               141.361976       141.368903       0.006927         220             
22               143.899347       143.906074       0.006727         220             
23               145.580772       145.587679       0.006907         220             
24               147.378333       147.385620       0.007287         220             
25               149.316740       149.323747       0.007007         220             
26               151.268173       151.275280       0.007107         220             
27               153.418793       153.425100       0.006307         220             
28               155.832225       155.838892       0.006667         220             
29               158.638989       158.646336       0.007347         220             
30               160.829121       160.836028       0.006907         220             
31               162.383486       162.390493       0.007007         220             
32               165.058509       165.064976       0.006467         220             
33               166.989335       166.995862       0.006527         220             
34               169.906237       169.912944       0.006707         220             
35               172.054574       172.061421       0.006847         220             
36               174.803594       174.810761       0.007167         220             
37               176.218278       176.224745       0.006467         220             
38               178.426783       178.433310       0.006527         220             
39               181.272937       181.280004       0.007067         220             
40               183.891471       183.898458       0.006987         220             
41               185.441863       185.448430       0.006567         220             
42               187.990992       187.998259       0.007267         220             
43               189.500986       189.507573       0.006587         220             
44               191.074755       191.081222       0.006467         220             
45               192.518916       192.525603       0.006687         220             
46               194.168060       194.175067       0.007007         220             
47               195.504115       195.510982       0.006867         220             
48               197.607675       197.614002       0.006327         220             
49               200.233715       200.240542       0.006827         220             
50               202.848983       202.855550       0.006567         220             
51               205.597746       205.604473       0.006727         220             
52               207.418830       207.425817       0.006987         220             
53               208.854452       208.861459       0.007007         220             
54               210.883035       210.889883       0.006847         220             
55               213.618645       213.625632       0.006987         220             
56               216.085412       216.092599       0.007187         220             
57               218.814109       218.820756       0.006647         220             
58               221.194287       221.201254       0.006967         220             
59               224.036903       224.043630       0.006727         220             
60               226.383295       226.390162       0.006867         220             
61               229.039457       229.046484       0.007027         220             
62               231.652396       231.659204       0.006807         220             
63               234.091072       234.098199       0.007127         220             
64               235.710305       235.716933       0.006627         220             
65               237.946362       237.953429       0.007067         220             
66               240.125533       240.132500       0.006967         220             
67               241.850177       241.856864       0.006687         220             
68               243.614532       243.621220       0.006687         220             
69               246.491824       246.498492       0.006668         220             
70               247.588315       247.595363       0.007048         220             
71               250.050626       250.057774       0.007148         220             
72               252.686293       252.693001       0.006708         220             
73               255.029984       255.037392       0.007408         220             
74               257.185155       257.192223       0.007068         220             
75               258.727680       258.734508       0.006828         220             
76               259.746584       259.753272       0.006688         220             
77               261.266365       261.273413       0.007048         220             
78               263.946995       263.953503       0.006508         220             
79               266.946562       266.953350       0.006788         220             
80               268.495896       268.502845       0.006948         220             
81               270.954840       270.961669       0.006828         220             
82               272.055870       272.062398       0.006528         220             
83               274.026502       274.033610       0.007108         220             
84               276.938731       276.945979       0.007248         220             
85               278.024880       278.032209       0.007328         220             
86               280.569664       280.576592       0.006928         220             
87               282.546197       282.553125       0.006928         220             
88               284.130096       284.136904       0.006809         220             
89               286.226947       286.233775       0.006829         220             
90               288.331403       288.338372       0.006969         220             
91               290.794721       290.801890       0.007169         220             
92               292.262313       292.269501       0.007189         220             
93               294.565214       294.572443       0.007229         220             
94               297.463357       297.470346       0.006989         220             
95               298.489996       298.496465       0.006469         220             
240              592.372635       601.130620       8.757985         240             
241              594.473996       601.137918       6.663922         240             
242              595.935884       601.153793       5.217909         240             
243              598.094138       601.157320       3.063182         240             
244              599.511471       601.161167       1.649696         240             
245              601.933241       601.940050       0.006809         220             
246              603.975850       603.983138       0.007289         220             
247              605.512964       605.519693       0.006729         220             
248              607.619343       607.626451       0.007109         220             
249              610.160850       610.167798       0.006949         220             
250              613.090317       613.097225       0.006909         220             
251              615.284703       615.291611       0.006909         220             
252              616.608599       616.615788       0.007188         220             
253              618.140962       618.147830       0.006868         220             
254              620.740590       620.747278       0.006688         220             
255              623.515734       623.522562       0.006828         220             
256              625.137662       625.144490       0.006828         220             
257              626.585712       626.592380       0.006668         220             
258              627.953228       627.959876       0.006648         220             
259              629.991768       629.998896       0.007128         220             
260              632.506901       632.514169       0.007268         220             
261              634.832030       634.838598       0.006568         220             
262              637.633978       637.641246       0.007268         220             
263              639.850465       639.857092       0.006628         220             
264              642.373919       642.380607       0.006688         220             
265              644.025696       644.032464       0.006768         220             
266              645.541188       645.548196       0.007008         220             
267              646.739154       646.745821       0.006668         220             
268              648.234227       648.241474       0.007248         220             
269              649.254077       649.261365       0.007288         220             
270              650.567124       650.573832       0.006708         220             
271              653.395174       653.401821       0.006648         220             
272              654.670136       654.676684       0.006548         220             
273              655.707731       655.714558       0.006827         220             
274              656.729280       656.736128       0.006847         220             
275              659.555967       659.562694       0.006727         220             
276              661.171677       661.178424       0.006747         220             
277              663.650961       663.658108       0.007147         220             
278              664.974599       664.981487       0.006887         220             
279              667.634096       667.641243       0.007147         220             
280              669.877515       669.884182       0.006667         220             
281              672.777414       672.784101       0.006687         220             
282              674.410120       674.417027       0.006907         220             
283              676.714810       676.721877       0.007067         220             
284              679.333102       679.339849       0.006747         220             
285              682.317789       682.324616       0.006827         220             
286              683.814414       683.821021       0.006607         220             
287              686.403338       686.410765       0.007427         220             
288              688.099146       688.106073       0.006927         220             
289              691.020166       691.027393       0.007227         220             
290              693.987144       693.994231       0.007087         220             
291              696.917769       696.924716       0.006947         220             
292              699.169368       699.176475       0.007107         220             
293              702.139124       702.146091       0.006967         220             
294              704.584710       704.591937       0.007227         220             
295              705.720616       705.727323       0.006707         220             
296              707.529781       707.537028       0.007247         220             
297              708.686336       708.692903       0.006567         220             
298              710.013009       710.019896       0.006887         220             
299              711.356467       711.363574       0.007107         220             
300              712.579581       712.586869       0.007287         220             
301              714.510580       714.517407       0.006827         220             
302              716.477431       716.484658       0.007227         220             
303              718.558375       718.565282       0.006907         220             
304              720.214824       720.221771       0.006947         220             
305              722.362160       722.368827       0.006667         220             
306              724.429117       724.436024       0.006907         220             
307              726.328407       726.335194       0.006787         220             
308              728.217955       728.225062       0.007107         220             
309              729.338881       729.345588       0.006707         220             
310              732.070624       732.077372       0.006747         220             
311              733.198383       733.204970       0.006587         220             
312              735.432853       735.439940       0.007087         220             
313              736.588982       736.595769       0.006787         220             
314              739.238218       739.244906       0.006687         220             
315              740.741296       740.748164       0.006867         220             
316              743.457790       743.464697       0.006907         220             
317              745.256387       745.263395       0.007008         220             
318              746.498601       746.505249       0.006648         220             
319              748.730794       748.737901       0.007108         220             
320              751.464011       751.471258       0.007248         220             
321              752.526256       752.533244       0.006988         220             
322              754.880601       754.887648       0.007048         220             
323              757.009283       757.016031       0.006748         220             
324              758.438718       758.445886       0.007168         220             
325              759.574223       759.580971       0.006748         220             
326              760.661815       760.668763       0.006948         220             
327              763.362240       763.368788       0.006548         220             
328              765.943382       765.950190       0.006808         220             
329              767.470427       767.477015       0.006588         220             
330              769.289585       769.296653       0.007068         220             
331              772.085226       772.092034       0.006808         220             
332              774.195160       774.202429       0.007268         220             
333              775.275803       775.282831       0.007028         220             
334              777.223961       777.230569       0.006608         220             
335              778.674875       778.681744       0.006868         220             
336              781.601077       781.607985       0.006908         220             
337              783.252164       783.259093       0.006928         220             
338              786.126782       786.133750       0.006969         220             
339              787.677379       787.684207       0.006829         220             
340              788.797950       788.805138       0.007189         220             
341              791.131095       791.137684       0.006589         220             
342              792.833272       792.840141       0.006869         220             
343              794.956861       794.963550       0.006689         220             
344              796.863015       796.869784       0.006769         220             
345              798.133247       798.140256       0.007009         220             
346              799.321081       799.327649       0.006569         220             
