0                100.000000       200             
1                102.041494       200             
2                104.287274       200             
3                105.640643       200             
4                108.228719       200             
5                111.040133       200             
6                112.173103       200             
7                113.698825       200             
8                116.013338       200             
9                117.399147       200             
10               119.117415       200             
11               121.777506       200             
12               122.929650       200             
13               124.469161       200             
14               126.085058       200             
15               128.881715       200             
16               130.746975       200             
17               132.046374       200             
18               133.794046       200             
19               135.955355       200             
20               138.640655       200             
21               141.361976       200             
22               143.899347       200             
23               145.580772       200             
24               147.378333       200             
25               149.316740       200             
26               151.268173       200             
27               153.418793       200             
28               155.832225       200             
29               158.638989       200             
30               160.829121       200             
31               162.383486       200             
32               165.058509       200             
33               166.989335       200             
34               169.906237       200             
35               172.054574       200             
36               174.803594       200             
37               176.218278       200             
38               178.426783       200             
39               181.272937       200             
40               183.891471       200             
41               185.441863       200             
42               187.990992       200             
43               189.500986       200             
44               191.074755       200             
45               192.518916       200             
46               194.168060       200             
47               195.504115       200             
48               197.607675       200             
49               200.233715       200             
50               202.848983       200             
51               205.597746       200             
52               207.418830       200             
53               208.854452       200             
54               210.883035       200             
55               213.618645       200             
56               216.085412       200             
57               218.814109       200             
58               221.194287       200             
59               224.036903       200             
60               226.383295       200             
61               229.039457       200             
62               231.652396       200             
63               234.091072       200             
64               235.710305       200             
65               237.946362       200             
66               240.125533       200             
67               241.850177       200             
68               243.614532       200             
69               246.491824       200             
70               247.588315       200             
71               250.050626       200             
72               252.686293       200             
73               255.029984       200             
74               257.185155       200             
75               258.727680       200             
76               259.746584       200             
77               261.266365       200             
78               263.946995       200             
79               266.946562       200             
80               268.495896       200             
81               270.954840       200             
82               272.055870       200             
83               274.026502       200             
84               276.938731       200             
85               278.024880       200             
86               280.569664       200             
87               282.546197       200             
88               284.130096       200             
89               286.226947       200             
90               288.331403       200             
91               290.794721       200             
92               292.262313       200             
93               294.565214       200             
94               297.463357       200             
95               298.489996       200             
96               300.315996       200             
97               301.500901       200             
98               303.269668       200             
99               305.151092       200             
100              308.053765       200             
101              309.443553       200             
102              310.837236       200             
103              313.122826       200             
104              314.405061       200             
105              316.226550       200             
106              317.476630       200             
107              320.080717       200             
108              322.537361       200             
109              325.284909       200             
110              328.070094       200             
111              330.584640       200             
112              333.265941       200             
113              335.288632       200             
114              336.475998       200             
115              338.582852       200             
116              341.441612       200             
117              344.436277       200             
118              346.318742       200             
119              347.335348       200             
120              349.352528       200             
121              350.383091       200             
122              352.888288       200             
123              355.651458       200             
124              358.316189       200             
125              359.496328       200             
126              362.300250       200             
127              363.842589       200             
128              365.783824       200             
129              368.233645       200             
130              370.864045       200             
131              373.352980       200             
132              374.409525       200             
133              377.141469       200             
134              379.578243       200             
135              381.712994       200             
136              382.988623       200             
137              384.030350       200             
138              385.456701       200             
139              387.765616       200             
140              389.575787       200             
141              391.760450       200             
142              393.510068       200             
143              396.190323       200             
144              398.735937       200             
145              400.226505       200             
146              402.032283       200             
147              403.785820       200             
148              406.506806       200             
149              408.812962       200             
150              411.013047       200             
151              413.379334       200             
152              416.348489       200             
153              418.787532       200             
154              421.705275       200             
155              424.064875       200             
156              425.756254       200             
157              428.267170       200             
158              430.596912       200             
159              432.462151       200             
160              433.978219       200             
161              435.293472       200             
162              436.454395       200             
163              438.286262       200             
164              440.426402       200             
165              442.279951       200             
166              444.258181       200             
167              446.182249       200             
168              447.316627       200             
169              448.800297       200             
170              450.652824       200             
171              452.578741       200             
172              453.809182       200             
173              456.745476       200             
174              458.664696       200             
175              461.127133       200             
176              462.145393       200             
177              463.609575       200             
178              466.007568       200             
179              467.128945       200             
180              468.200753       200             
181              470.559209       200             
182              471.654876       200             
183              472.746382       200             
184              474.840066       200             
185              476.770856       200             
186              478.764215       200             
187              481.424418       200             
188              483.336710       200             
189              484.945211       200             
190              487.479196       200             
191              489.523496       200             
192              492.302898       200             
193              494.203473       200             
194              496.157735       200             
195              498.214535       200             
196              500.348576       200             
197              503.321881       200             
198              504.883659       200             
199              506.948985       200             
200              509.572507       200             
201              511.776182       200             
202              514.263181       200             
203              516.754534       200             
204              519.320084       200             
205              521.205190       200             
206              523.089873       200             
207              524.632718       200             
208              526.442608       200             
209              528.247112       200             
210              530.464979       200             
211              531.728260       200             
212              534.697506       200             
213              536.675177       200             
214              539.116965       200             
215              540.941298       200             
216              543.670063       200             
217              544.990229       200             
218              547.287572       200             
219              549.442961       200             
220              551.658207       200             
221              554.175565       200             
222              556.607667       200             
223              558.608962       200             
224              560.826418       200             
225              563.797248       200             
226              566.114952       200             
227              568.373657       200             
228              569.451282       200             
229              572.226769       200             
230              573.371704       200             
231              575.906355       200             
232              577.377271       200             
233              578.806799       200             
234              580.104254       200             
235              581.273132       200             
236              583.684645       200             
237              585.134176       200             
238              588.010174       200             
239              590.338448       200             
240              592.372635       200             
241              594.473996       200             
242              595.935884       200             
243              598.094138       200             
244              599.511471       200             
245              601.933241       200             
246              603.975850       200             
247              605.512964       200             
248              607.619343       200             
249              610.160850       200             
250              613.090317       200             
251              615.284703       200             
252              616.608599       200             
253              618.140962       200             
254              620.740590       200             
255              623.515734       200             
256              625.137662       200             
257              626.585712       200             
258              627.953228       200             
259              629.991768       200             
260              632.506901       200             
261              634.832030       200             
262              637.633978       200             
263              639.850465       200             
264              642.373919       200             
265              644.025696       200             
266              645.541188       200             
267              646.739154       200             
268              648.234227       200             
269              649.254077       200             
270              650.567124       200             
271              653.395174       200             
272              654.670136       200             
273              655.707731       200             
274              656.729280       200             
275              659.555967       200             
276              661.171677       200             
277              663.650961       200             
278              664.974599       200             
279              667.634096       200             
280              669.877515       200             
281              672.777414       200             
282              674.410120       200             
283              676.714810       200             
284              679.333102       200             
285              682.317789       200             
286              683.814414       200             
287              686.403338       200             
288              688.099146       200             
289              691.020166       200             
290              693.987144       200             
291              696.917769       200             
292              699.169368       200             
293              702.139124       200             
294              704.584710       200             
295              705.720616       200             
296              707.529781       200             
297              708.686336       200             
298              710.013009       200             
299              711.356467       200             
300              712.579581       200             
301              714.510580       200             
302              716.477431       200             
303              718.558375       200             
304              720.214824       200             
305              722.362160       200             
306              724.429117       200             
307              726.328407       200             
308              728.217955       200             
309              729.338881       200             
310              732.070624       200             
311              733.198383       200             
312              735.432853       200             
313              736.588982       200             
314              739.238218       200             
315              740.741296       200             
316              743.457790       200             
317              745.256387       200             
318              746.498601       200             
319              748.730794       200             
320              751.464011       200             
321              752.526256       200             
322              754.880601       200             
323              757.009283       200             
324              758.438718       200             
325              759.574223       200             
326              760.661815       200             
327              763.362240       200             
328              765.943382       200             
329              767.470427       200             
330              769.289585       200             
331              772.085226       200             
332              774.195160       200             
333              775.275803       200             
334              777.223961       200             
335              778.674875       200             
336              781.601077       200             
337              783.252164       200             
338              786.126782       200             
339              787.677379       200             
340              788.797950       200             
341              791.131095       200             
342              792.833272       200             
343              794.956861       200             
344              796.863015       200             
345              798.133247       200             
346              799.321081       200             
347              801.213632       200             
348              802.795279       200             
349              805.199250       200             
350              806.595008       200             
351              808.811023       200             
352              810.135197       200             
353              811.584012       200             
354              812.607123       200             
355              815.478536       200             
356              818.476886       200             
357              820.722077       200             
358              823.466605       200             
359              825.578360       200             
360              828.045376       200             
361              830.229904       200             
362              832.698423       200             
363              834.378976       200             
364              835.916564       200             
365              838.276203       200             
366              840.137892       200             
367              841.415188       200             
368              842.447025       200             
369              843.870804       200             
370              845.755390       200             
371              848.657496       200             
372              849.962573       200             
373              852.521487       200             
374              854.243907       200             
375              856.605538       200             
376              857.947456       200             
377              860.390994       200             
378              863.223380       200             
379              865.338221       200             
380              867.911433       200             
381              869.462950       200             
382              870.626097       200             
383              873.103179       200             
384              874.250440       200             
385              876.340181       200             
386              878.061339       200             
387              880.131802       200             
388              881.329943       200             
389              882.603507       200             
390              883.806672       200             
391              885.352028       200             
392              888.076141       200             
393              890.882962       200             
394              893.712685       200             
395              895.311862       200             
396              896.803809       200             
397              898.204760       200             
398              901.155854       200             
399              903.042297       200             
400              905.224971       200             
401              907.275818       200             
402              909.852153       200             
403              911.825151       200             
404              912.864171       200             
405              914.969297       200             
406              916.669929       200             
407              918.449194       200             
408              920.461161       200             
409              923.205506       200             
410              925.194782       200             
411              926.590968       200             
412              928.199228       200             
413              929.920154       200             
414              931.943699       200             
415              934.033825       200             
416              936.050583       200             
417              938.936414       200             
418              941.296079       200             
419              943.835284       200             
420              946.032783       200             
421              948.726182       200             
422              951.203423       200             
423              953.276050       200             
424              955.509681       200             
425              957.539134       200             
426              959.760342       200             
427              962.242327       200             
428              964.249242       200             
429              966.462984       200             
430              968.217927       200             
431              969.867083       200             
432              972.362016       200             
433              973.916377       200             
434              974.953797       200             
435              977.750866       200             
436              979.537771       200             
437              980.539544       200             
438              983.212840       200             
439              984.568300       200             
440              986.987796       200             
441              989.668682       200             
442              992.208416       200             
443              993.628241       200             
444              994.650462       200             
445              996.171190       200             
446              997.602062       200             
