0.108000  0.000000
0.116000  0.000000
0.124000  0.000000
0.132000  0.000000
0.140000  0.000000
0.148000  0.000000
0.156000  0.000000
0.164000  0.000000
0.172000  0.000000
0.180000  0.000000
0.188000  0.000000
0.196000  0.000000
0.204000  0.000000
0.212000  0.000000
0.220000  0.000000
0.228000  0.000000
0.236000  0.000000
0.244000  0.000000
0.252000  0.000000
0.260000  0.000000
0.268000  0.000000
0.276000  0.000000
0.284000  0.000000
0.292000  0.000000
0.300000  0.000000
0.308000  0.000000
0.316000  0.000000
0.324000  0.000000
0.332000  0.000000
0.340000  0.000000
0.348000  0.000000
0.356000  0.000000
0.364000  0.000000
0.372000  0.000000
0.380000  0.000000
0.388000  0.000000
0.396000  0.000000
0.404000  0.000000
0.412000  0.000000
0.420000  0.000000
0.428000  0.000000
0.436000  0.000000
0.444000  0.000000
0.452000  0.000000
0.460000  0.000000
0.468000  0.000000
0.476000  0.000000
0.484000  0.000000
0.492000  0.000000
0.500000  0.000000
0.508000  0.000000
0.516000  0.000000
0.524000  0.000000
0.532000  0.000000
0.540000  0.000000
0.548000  0.000000
0.556000  0.000000
0.564000  0.000000
0.572000  0.000000
0.580000  0.000000
0.588000  0.000000
0.596000  0.000000
0.604000  0.000000
0.612000  0.000000
0.620000  0.000000
0.628000  0.000000
0.636000  0.000000
0.644000  0.000000
0.652000  0.000000
0.660000  0.000000
0.668000  0.000000
0.676000  0.000000
0.684000  0.000000
0.692000  0.000000
0.700000  0.000000
0.708000  0.000000
0.716000  0.000000
0.724000  0.000000
0.732000  0.000000
0.740000  0.000000
0.748000  0.000000
0.756000  0.000000
0.764000  0.000000
0.772000  0.000000
0.780000  0.000000
0.788000  0.000000
0.796000  0.000000
0.804000  0.000000
0.812000  0.000000
0.820000  0.000000
0.828000  0.000000
0.836000  0.000000
0.844000  0.000000
0.852000  0.000000
0.860000  0.000000
0.868000  0.000000
0.876000  0.000000
0.884000  0.000000
0.892000  0.000000
0.900000  0.000000
0.908000  0.000000
0.916000  0.000000
0.924000  0.000000
0.932000  0.000000
0.940000  0.000000
0.948000  0.000000
0.956000  0.000000
0.964000  0.000000
0.972000  0.000000
0.980000  0.000000
0.988000  0.000000
0.996000  0.000000
1.004000  0.000000
1.012000  0.000000
1.020000  0.000000
1.028000  0.000000
1.036000  0.000000
1.044000  0.000000
1.052000  0.000000
1.060000  0.000000
1.068000  0.002296
1.076000  0.001600
1.084000  -0.003294
1.092000  -0.000602
1.100000  0.000000
1.108000  0.000000
1.116000  0.000000
1.124000  0.000000
1.132000  0.000000
1.140000  0.006494
1.148000  0.001600
1.156000  0.001600
1.164000  -0.003294
1.172000  -0.003294
1.180000  -0.003106
1.188000  0.000000
1.196000  0.000000
1.204000  0.000000
1.212000  0.006494
1.220000  0.006494
1.228000  0.006494
1.236000  0.006494
1.244000  -0.003294
1.252000  -0.003294
1.260000  -0.003294
1.268000  -0.003294
1.276000  -0.003294
1.284000  0.006494
1.292000  0.006494
1.300000  0.006494
1.308000  0.006494
1.316000  0.006494
1.332000  -0.000753
1.340000  0.001600
1.348000  -0.003294
1.356000  -0.003294
1.364000  0.006494
1.380000  -0.000753
1.388000  0.001600
1.412000  0.000094
1.428000  -0.000753
1.436000  0.001600
1.444000  -0.003294
1.452000  -0.003294
1.460000  -0.003294
1.468000  0.001600
1.476000  -0.003295
1.484000  -0.003294
1.492000  -0.003294
1.500000  -0.003294
1.508000  -0.003294
1.516000  -0.003294
1.524000  -0.003294
1.532000  -0.003294
1.540000  -0.003294
1.548000  -0.003295
1.556000  -0.001223
1.564000  0.000000
1.572000  0.006494
1.580000  -0.003294
1.588000  -0.003200
1.596000  0.000000
1.604000  0.000000
1.612000  0.000000
1.620000  0.000000
1.628000  0.000000
1.636000  0.000000
1.644000  0.006494
1.652000  0.006494
1.660000  -0.003294
1.668000  -0.003294
1.676000  -0.003294
1.684000  -0.003106
1.692000  0.000000
1.700000  0.000000
1.708000  0.000000
1.716000  0.006494
1.724000  0.006494
1.732000  0.006494
1.740000  -0.003294
1.748000  -0.003294
1.756000  -0.003294
1.764000  -0.003294
1.772000  -0.003294
1.780000  -0.003012
1.788000  0.006494
1.796000  -0.003294
1.804000  0.006494
1.812000  0.006494
1.820000  0.006494
1.828000  0.006494
1.836000  0.001600
1.844000  0.006494
1.852000  -0.003294
1.860000  0.001600
1.868000  -0.003294
1.876000  -0.003294
1.884000  -0.003294
1.892000  -0.003294
1.900000  -0.003294
1.908000  0.006494
1.916000  0.006494
1.924000  0.006494
1.932000  0.001600
1.940000  -0.003294
1.956000  -0.000753
1.964000  0.001600
1.972000  -0.003294
1.980000  -0.003294
1.988000  -0.003294
1.996000  0.001600
2.004000  0.001600
2.012000  0.001600
2.020000  0.001600
2.028000  0.006494
2.036000  0.001600
2.044000  -0.003294
2.052000  0.001600
2.060000  0.001600
2.068000  0.001600
2.076000  -0.003294
2.084000  -0.003294
2.092000  0.001600
2.100000  0.001600
2.108000  -0.003295
2.116000  0.001600
2.124000  0.001600
2.132000  0.001600
2.140000  0.001600
2.148000  -0.003294
2.156000  -0.003294
2.164000  0.001600
2.172000  0.001600
2.180000  0.001600
2.188000  -0.003294
2.196000  -0.003294
2.204000  -0.003294
2.212000  -0.003294
2.220000  -0.003294
2.228000  -0.003295
2.236000  -0.003294
2.244000  -0.003294
2.252000  -0.003294
2.260000  -0.003294
2.268000  -0.003294
2.276000  -0.003294
2.284000  -0.001506
2.292000  0.006494
2.300000  -0.003294
2.308000  -0.003200
2.316000  0.000000
2.324000  0.000000
2.332000  0.000000
2.340000  0.000000
2.348000  0.000000
2.356000  0.000000
2.364000  0.006494
2.372000  0.006494
2.380000  -0.003294
2.388000  -0.003294
2.396000  -0.003294
2.404000  -0.003106
2.412000  0.000000
2.420000  0.000000
2.428000  0.000000
2.436000  0.006494
2.444000  0.006494
2.452000  0.001600
2.460000  -0.003294
2.468000  -0.003294
2.476000  -0.003294
2.484000  -0.003294
2.492000  -0.001412
2.500000  0.000000
2.508000  0.006494
2.516000  0.001600
2.524000  0.006494
2.532000  0.001600
2.540000  -0.003294
2.548000  -0.003294
2.556000  -0.003294
2.564000  -0.003294
2.572000  -0.003012
2.580000  0.006494
2.588000  -0.003294
2.596000  0.006494
2.604000  0.006494
2.612000  -0.003294
2.620000  0.001600
2.628000  -0.003294
2.636000  -0.003294
2.644000  -0.003294
2.652000  0.006494
2.660000  -0.003294
2.668000  0.001600
2.676000  0.006494
2.684000  0.001600
2.692000  0.001600
2.700000  0.001600
2.708000  -0.003294
2.716000  -0.003294
2.724000  0.001600
2.732000  0.001600
2.740000  -0.003295
2.748000  0.001600
2.756000  0.001600
2.764000  0.001600
2.772000  0.006495
2.780000  0.001600
2.788000  0.001600
2.796000  -0.003295
2.804000  -0.003294
2.812000  0.001600
2.820000  0.001600
2.828000  -0.003294
2.836000  0.001600
2.844000  0.001600
2.852000  0.001600
2.860000  0.001600
2.868000  0.006494
2.876000  0.001600
2.884000  0.001600
2.892000  -0.003294
2.900000  -0.003294
2.908000  0.001600
2.916000  0.001600
2.924000  0.001600
2.932000  -0.003294
2.940000  0.001600
2.948000  0.001600
2.956000  0.001600
2.964000  0.001600
2.972000  0.001600
2.980000  0.001600
2.996000  -0.003200
3.004000  -0.003294
3.012000  0.001600
3.020000  0.001600
3.028000  0.001600
3.036000  -0.003294
3.044000  0.001600
3.052000  0.001600
3.060000  0.001600
3.068000  0.001600
3.076000  -0.003294
3.084000  0.001600
3.092000  0.001600
3.100000  0.001600
3.108000  -0.003295
3.116000  0.001600
3.124000  0.001600
3.132000  -0.003294
3.140000  -0.003294
3.148000  -0.003294
3.156000  -0.003294
3.164000  -0.003294
3.172000  -0.003294
3.180000  -0.003294
3.188000  -0.003294
3.196000  -0.003295
3.204000  -0.003294
3.212000  -0.003294
3.220000  -0.003294
3.228000  -0.002541
3.236000  0.006494
3.244000  -0.003294
3.252000  -0.003200
3.260000  0.000000
3.268000  0.000000
3.276000  0.000000
3.284000  0.000000
3.292000  0.000000
3.300000  0.000000
3.308000  0.006494
3.316000  0.006494
3.324000  -0.003294
3.332000  -0.003294
3.340000  -0.003294
3.348000  -0.003106
3.356000  0.000000
3.364000  0.000000
3.372000  0.000000
3.380000  0.006494
3.388000  0.001600
3.396000  0.006494
3.404000  -0.003294
3.412000  -0.003294
3.420000  -0.003294
3.428000  -0.003294
3.436000  -0.001412
3.444000  0.000000
3.452000  0.006494
3.460000  -0.003294
3.468000  0.006494
3.476000  0.006494
3.484000  -0.003294
3.492000  -0.003294
3.500000  -0.003294
3.508000  -0.003294
3.516000  -0.003012
3.524000  0.006494
3.532000  -0.003294
3.540000  0.001600
3.548000  0.006494
3.556000  0.001600
3.564000  0.001600
3.572000  -0.003294
3.580000  -0.003294
3.588000  -0.003294
3.596000  0.006494
3.604000  -0.003294
3.612000  0.001600
3.620000  0.001600
3.628000  0.001600
3.636000  0.001600
3.644000  0.006494
3.652000  -0.003294
3.660000  -0.003294
3.668000  0.001600
3.676000  0.001600
3.684000  -0.003295
3.692000  0.001600
3.700000  0.001600
3.708000  0.001600
3.716000  0.001600
3.724000  -0.003294
3.732000  0.006494
3.740000  0.001600
3.748000  -0.003294
3.756000  0.001600
3.764000  0.001600
3.772000  -0.003294
3.780000  0.001600
3.788000  0.001600
3.796000  0.001600
3.804000  0.001600
3.812000  -0.003294
3.820000  0.001600
3.828000  0.001600
3.836000  0.006494
3.844000  -0.003294
3.852000  0.001600
3.860000  0.001600
3.868000  0.001600
3.876000  -0.003294
3.884000  0.001600
3.892000  0.001600
3.900000  0.001600
3.908000  -0.003294
3.916000  0.001600
3.924000  0.001600
3.932000  0.001600
3.948000  -0.000753
3.956000  0.001600
3.964000  0.001600
3.972000  0.001600
3.980000  -0.003294
3.988000  0.001600
3.996000  0.001600
4.004000  -0.003294
4.012000  -0.003294
4.020000  -0.003295
4.028000  -0.003294
4.036000  -0.003294
4.044000  -0.003294
4.052000  -0.003294
4.060000  -0.003294
4.068000  -0.003294
4.076000  -0.003294
4.084000  -0.003294
4.092000  -0.003295
4.100000  -0.002823
4.108000  0.000000
4.116000  0.000000
4.124000  0.000000
4.132000  0.000000
4.140000  0.000000
4.148000  0.000000
4.156000  0.000000
4.164000  0.000000
4.172000  0.000000
4.180000  0.000000
4.188000  0.000000
4.196000  0.000000
4.204000  0.000000
4.212000  0.000000
4.220000  0.000000
4.228000  0.000000
4.236000  0.000000
4.244000  0.000000
4.252000  0.000000
4.260000  0.000000
4.268000  0.000000
4.276000  0.000000
4.284000  0.000000
4.292000  0.000000
4.300000  0.000000
4.308000  0.000000
4.316000  0.000000
4.324000  0.000000
4.332000  0.000000
4.340000  0.000000
4.348000  0.000000
4.356000  0.000000
4.364000  0.000000
4.372000  0.000000
4.380000  0.000000
4.388000  0.000000
4.396000  0.000000
4.404000  0.000000
4.412000  0.000000
4.420000  0.000000
4.428000  0.000000
4.436000  0.000000
4.444000  0.000000
4.452000  0.000000
4.460000  0.000000
4.468000  0.000000
4.476000  0.000000
4.484000  0.000000
4.492000  0.000000
