0 0.038706
1 0.038706
2 0.038706
3 0.038706
4 0.038706
5 0.038706
6 0.038706
7 0.038706
8 0.038706
9 0.038706
10 0.038706
11 0.038706
12 0.038706
13 0.038706
14 0.038706
15 0.038706
16 0.038706
17 0.038706
18 0.038706
19 0.038706
20 0.038706
21 0.038706
22 0.038706
23 0.038706
24 0.038706
25 0.038706
26 0.038706
27 0.038706
28 0.038706
29 0.038706
30 0.038706
31 0.038706
32 0.038706
33 0.038706
34 0.038706
35 0.038706
36 0.038706
37 0.038706
38 0.038706
39 0.038706
40 0.038706
41 0.038706
42 0.038706
43 0.038706
44 0.038706
45 0.038706
46 0.038706
47 0.038706
48 0.038706
49 0.038706
50 0.038706
51 0.038706
52 0.038706
53 0.038706
54 0.038706
55 0.038706
56 0.038706
57 0.038706
58 0.038706
59 0.038706
60 0.038706
61 0.038706
62 0.038706
63 0.038706
64 0.038706
65 0.038706
66 0.038706
67 0.038706
68 0.038706
69 0.038706
70 0.038706
71 0.038706
72 0.038706
73 0.038706
74 0.038706
75 0.038706
76 0.038706
77 0.038706
78 0.038706
79 0.038706
80 0.038706
81 0.038706
82 0.038706
83 0.038706
84 0.038706
85 0.038706
86 0.038706
87 0.038706
88 0.038706
89 0.038706
90 0.038706
91 0.038706
92 0.038706
93 0.038706
94 0.038706
95 0.038706
96 0.038706
97 0.038706
98 0.038706
99 0.038706
100 0.038706
101 0.038706
102 0.038706
103 0.038706
104 0.038706
105 0.038706
106 0.038706
107 0.038706
108 0.038706
109 0.038706
110 0.038706
111 0.038706
112 0.038706
113 0.038706
114 0.038706
115 0.038706
116 0.038706
117 0.038706
118 0.038706
119 0.038706
120 0.038706
121 0.041002
122 0.042602
123 0.039308
124 0.038706
125 0.038706
126 0.038706
127 0.038706
128 0.038706
129 0.038706
130 0.045200
131 0.046800
132 0.048400
133 0.045106
134 0.041812
135 0.038706
136 0.038706
137 0.038706
138 0.038706
139 0.045200
140 0.051694
141 0.058188
142 0.064682
143 0.061388
144 0.058094
145 0.054800
146 0.051506
147 0.048212
148 0.054706
149 0.061200
150 0.067694
151 0.074188
152 0.080682
154 0.079176
155 0.080776
156 0.077482
157 0.074188
158 0.080682
160 0.079176
161 0.080776
164 0.081059
166 0.079553
167 0.081153
168 0.077859
169 0.074565
170 0.071271
171 0.072871
172 0.069576
173 0.066282
174 0.062988
175 0.059694
176 0.056400
177 0.053106
178 0.049812
179 0.046518
180 0.043224
181 0.039929
182 0.038706
183 0.038706
184 0.045200
185 0.041906
186 0.038706
187 0.038706
188 0.038706
189 0.038706
190 0.038706
191 0.038706
192 0.038706
193 0.045200
194 0.051694
195 0.048400
196 0.045106
197 0.041812
198 0.038706
199 0.038706
200 0.038706
201 0.038706
202 0.045200
203 0.051694
204 0.058188
205 0.054894
206 0.051600
207 0.048306
208 0.045012
209 0.041718
210 0.038706
211 0.045200
212 0.041906
213 0.048400
214 0.054894
215 0.061388
216 0.067882
217 0.069482
218 0.075976
219 0.072682
220 0.074282
221 0.070988
222 0.067694
223 0.064400
224 0.061106
225 0.057812
226 0.064306
227 0.070800
228 0.077294
229 0.078894
230 0.075600
232 0.074094
233 0.075694
234 0.072400
235 0.069106
236 0.065812
237 0.067412
238 0.069012
239 0.070612
240 0.072212
241 0.078706
242 0.080306
243 0.077012
244 0.078612
245 0.080212
246 0.081812
247 0.078518
248 0.075224
249 0.076824
250 0.078424
251 0.075129
252 0.076729
253 0.078329
254 0.079929
255 0.081529
256 0.078235
257 0.074941
258 0.076541
259 0.078141
260 0.079741
261 0.076447
262 0.073153
263 0.069859
264 0.066565
265 0.063271
266 0.059976
267 0.056682
268 0.053388
269 0.050094
270 0.046800
271 0.043506
272 0.040212
273 0.038706
274 0.045200
275 0.041906
276 0.038706
277 0.038706
278 0.038706
279 0.038706
280 0.038706
281 0.038706
282 0.038706
283 0.045200
284 0.051694
285 0.048400
286 0.045106
287 0.041812
288 0.038706
289 0.038706
290 0.038706
291 0.038706
292 0.045200
293 0.051694
294 0.053294
295 0.050000
296 0.046706
297 0.043412
298 0.040118
299 0.038706
300 0.038706
301 0.045200
302 0.046800
303 0.053294
304 0.054894
305 0.051600
306 0.048306
307 0.045012
308 0.041718
309 0.038706
310 0.045200
311 0.041906
312 0.048400
313 0.054894
314 0.051600
315 0.053200
316 0.049906
317 0.046612
318 0.043318
319 0.049812
320 0.046518
321 0.048118
322 0.054612
323 0.056212
324 0.057812
325 0.059412
326 0.056118
327 0.052824
328 0.054424
329 0.056024
330 0.052729
331 0.054329
332 0.055929
333 0.057529
334 0.064024
335 0.065624
336 0.067224
337 0.063929
338 0.060635
339 0.062235
340 0.063835
341 0.060541
342 0.062141
343 0.063741
344 0.065341
345 0.066941
346 0.073435
347 0.075035
348 0.076635
349 0.073341
350 0.070047
351 0.071647
352 0.073247
353 0.074847
354 0.071553
355 0.073153
356 0.074753
357 0.076353
358 0.077953
359 0.079553
360 0.081153
362 0.074753
363 0.071459
364 0.073059
365 0.074659
366 0.076259
367 0.072965
368 0.074565
369 0.076165
370 0.077765
371 0.079365
372 0.076071
373 0.077671
374 0.079271
375 0.080871
376 0.077576
377 0.079176
378 0.080776
379 0.077482
380 0.074188
381 0.070894
382 0.067600
383 0.064306
384 0.061012
385 0.057718
386 0.054424
387 0.051129
388 0.047835
389 0.044541
390 0.041247
391 0.038706
392 0.045200
393 0.041906
394 0.038706
395 0.038706
396 0.038706
397 0.038706
398 0.038706
399 0.038706
400 0.038706
401 0.045200
402 0.051694
403 0.048400
404 0.045106
405 0.041812
406 0.038706
407 0.038706
408 0.038706
409 0.038706
410 0.045200
411 0.046800
412 0.053294
413 0.050000
414 0.046706
415 0.043412
416 0.040118
417 0.038706
418 0.038706
419 0.045200
420 0.041906
421 0.048400
422 0.054894
423 0.051600
424 0.048306
425 0.045012
426 0.041718
427 0.038706
428 0.045200
429 0.041906
430 0.043506
431 0.050000
432 0.051600
433 0.053200
434 0.049906
435 0.046612
436 0.043318
437 0.049812
438 0.046518
439 0.048118
440 0.049718
441 0.051318
442 0.052918
443 0.059412
444 0.056118
445 0.052824
446 0.054424
447 0.056024
448 0.052729
449 0.054329
450 0.055929
451 0.057529
452 0.059129
453 0.055835
454 0.062329
455 0.063929
456 0.060635
457 0.062235
458 0.063835
459 0.060541
460 0.062141
461 0.063741
462 0.065341
463 0.066941
464 0.063647
465 0.065247
466 0.066847
467 0.073341
468 0.070047
469 0.071647
470 0.073247
471 0.074847
472 0.071553
473 0.073153
474 0.074753
475 0.076353
476 0.073059
477 0.074659
478 0.076259
479 0.077859
481 0.076353
482 0.077953
483 0.079553
484 0.081153
485 0.077859
486 0.079459
487 0.081059
488 0.077765
489 0.074471
490 0.071176
491 0.067882
492 0.064588
493 0.061294
494 0.058000
495 0.054706
496 0.051412
497 0.048118
498 0.044824
499 0.041529
500 0.038706
501 0.038706
502 0.038706
503 0.038706
504 0.038706
505 0.038706
506 0.038706
507 0.038706
508 0.038706
509 0.038706
510 0.038706
511 0.038706
512 0.038706
513 0.038706
514 0.038706
515 0.038706
516 0.038706
517 0.038706
518 0.038706
519 0.038706
520 0.038706
521 0.038706
522 0.038706
523 0.038706
524 0.038706
525 0.038706
526 0.038706
527 0.038706
528 0.038706
529 0.038706
530 0.038706
531 0.038706
532 0.038706
533 0.038706
534 0.038706
535 0.038706
536 0.038706
537 0.038706
538 0.038706
539 0.038706
540 0.038706
541 0.038706
542 0.038706
543 0.038706
544 0.038706
545 0.038706
546 0.038706
547 0.038706
548 0.038706
549 0.038706
