0                0.100000         0.138706         0.038706         1000            
1                0.108000         0.146706         0.038706         1000            
2                0.116000         0.154706         0.038706         1000            
3                0.124000         0.162706         0.038706         1000            
4                0.132000         0.170706         0.038706         1000            
5                0.140000         0.178706         0.038706         1000            
6                0.148000         0.186706         0.038706         1000            
7                0.156000         0.194706         0.038706         1000            
8                0.164000         0.202706         0.038706         1000            
9                0.172000         0.210706         0.038706         1000            
10               0.180000         0.218706         0.038706         1000            
11               0.188000         0.226706         0.038706         1000            
12               0.196000         0.234706         0.038706         1000            
13               0.204000         0.242706         0.038706         1000            
14               0.212000         0.250706         0.038706         1000            
15               0.220000         0.258706         0.038706         1000            
16               0.228000         0.266706         0.038706         1000            
17               0.236000         0.274706         0.038706         1000            
18               0.244000         0.282706         0.038706         1000            
19               0.252000         0.290706         0.038706         1000            
20               0.260000         0.298706         0.038706         1000            
21               0.268000         0.306706         0.038706         1000            
22               0.276000         0.314706         0.038706         1000            
23               0.284000         0.322706         0.038706         1000            
24               0.292000         0.330706         0.038706         1000            
25               0.300000         0.338706         0.038706         1000            
26               0.308000         0.346706         0.038706         1000            
27               0.316000         0.354706         0.038706         1000            
28               0.324000         0.362706         0.038706         1000            
29               0.332000         0.370706         0.038706         1000            
30               0.340000         0.378706         0.038706         1000            
31               0.348000         0.386706         0.038706         1000            
32               0.356000         0.394706         0.038706         1000            
33               0.364000         0.402706         0.038706         1000            
34               0.372000         0.410706         0.038706         1000            
35               0.380000         0.418706         0.038706         1000            
36               0.388000         0.426706         0.038706         1000            
37               0.396000         0.434706         0.038706         1000            
38               0.404000         0.442706         0.038706         1000            
39               0.412000         0.450706         0.038706         1000            
40               0.420000         0.458706         0.038706         1000            
41               0.428000         0.466706         0.038706         1000            
42               0.436000         0.474706         0.038706         1000            
43               0.444000         0.482706         0.038706         1000            
44               0.452000         0.490706         0.038706         1000            
45               0.460000         0.498706         0.038706         1000            
46               0.468000         0.506706         0.038706         1000            
47               0.476000         0.514706         0.038706         1000            
48               0.484000         0.522706         0.038706         1000            
49               0.492000         0.530706         0.038706         1000            
50               0.500000         0.538706         0.038706         1000            
51               0.508000         0.546706         0.038706         1000            
52               0.516000         0.554706         0.038706         1000            
53               0.524000         0.562706         0.038706         1000            
54               0.532000         0.570706         0.038706         1000            
55               0.540000         0.578706         0.038706         1000            
56               0.548000         0.586706         0.038706         1000            
57               0.556000         0.594706         0.038706         1000            
58               0.564000         0.602706         0.038706         1000            
59               0.572000         0.610706         0.038706         1000            
60               0.580000         0.618706         0.038706         1000            
61               0.588000         0.626706         0.038706         1000            
62               0.596000         0.634706         0.038706         1000            
63               0.604000         0.642706         0.038706         1000            
64               0.612000         0.650706         0.038706         1000            
65               0.620000         0.658706         0.038706         1000            
66               0.628000         0.666706         0.038706         1000            
67               0.636000         0.674706         0.038706         1000            
68               0.644000         0.682706         0.038706         1000            
69               0.652000         0.690706         0.038706         1000            
70               0.660000         0.698706         0.038706         1000            
71               0.668000         0.706706         0.038706         1000            
72               0.676000         0.714706         0.038706         1000            
73               0.684000         0.722706         0.038706         1000            
74               0.692000         0.730706         0.038706         1000            
75               0.700000         0.738706         0.038706         1000            
76               0.708000         0.746706         0.038706         1000            
77               0.716000         0.754706         0.038706         1000            
78               0.724000         0.762706         0.038706         1000            
79               0.732000         0.770706         0.038706         1000            
80               0.740000         0.778706         0.038706         1000            
81               0.748000         0.786706         0.038706         1000            
82               0.756000         0.794706         0.038706         1000            
83               0.764000         0.802706         0.038706         1000            
84               0.772000         0.810706         0.038706         1000            
85               0.780000         0.818706         0.038706         1000            
86               0.788000         0.826706         0.038706         1000            
87               0.796000         0.834706         0.038706         1000            
88               0.804000         0.842706         0.038706         1000            
89               0.812000         0.850706         0.038706         1000            
90               0.820000         0.858706         0.038706         1000            
91               0.828000         0.866706         0.038706         1000            
92               0.836000         0.874706         0.038706         1000            
93               0.844000         0.882706         0.038706         1000            
94               0.852000         0.890706         0.038706         1000            
95               0.860000         0.898706         0.038706         1000            
96               0.868000         0.906706         0.038706         1000            
97               0.876000         0.914706         0.038706         1000            
98               0.884000         0.922706         0.038706         1000            
99               0.892000         0.930706         0.038706         1000            
100              0.900000         0.938706         0.038706         1000            
101              0.908000         0.946706         0.038706         1000            
102              0.916000         0.954706         0.038706         1000            
103              0.924000         0.962706         0.038706         1000            
104              0.932000         0.970706         0.038706         1000            
105              0.940000         0.978706         0.038706         1000            
106              0.948000         0.986706         0.038706         1000            
107              0.956000         0.994706         0.038706         1000            
108              0.964000         1.002706         0.038706         1000            
109              0.972000         1.010706         0.038706         1000            
110              0.980000         1.018706         0.038706         1000            
111              0.988000         1.026706         0.038706         1000            
112              0.996000         1.034706         0.038706         1000            
113              1.004000         1.042706         0.038706         1000            
114              1.012000         1.050706         0.038706         1000            
115              1.020000         1.058706         0.038706         1000            
116              1.028000         1.066706         0.038706         1000            
117              1.036000         1.074706         0.038706         1000            
118              1.044000         1.082706         0.038706         1000            
119              1.052000         1.090706         0.038706         1000            
120              1.060000         1.098706         0.038706         1000            
121              1.068000         1.109002         0.041002         1000            
122              1.076000         1.118602         0.042602         1000            
123              1.084000         1.123308         0.039308         1000            
124              1.092000         1.130706         0.038706         1000            
125              1.100000         1.138706         0.038706         1000            
126              1.108000         1.146706         0.038706         1000            
127              1.116000         1.154706         0.038706         1000            
128              1.124000         1.162706         0.038706         1000            
129              1.132000         1.170706         0.038706         1000            
130              1.140000         1.185200         0.045200         1000            
131              1.148000         1.194800         0.046800         1000            
132              1.156000         1.204400         0.048400         1000            
133              1.164000         1.209106         0.045106         1000            
134              1.172000         1.213812         0.041812         1000            
135              1.180000         1.218706         0.038706         1000            
136              1.188000         1.226706         0.038706         1000            
137              1.196000         1.234706         0.038706         1000            
138              1.204000         1.242706         0.038706         1000            
139              1.212000         1.257200         0.045200         1000            
140              1.220000         1.271694         0.051694         1000            
141              1.228000         1.286188         0.058188         1000            
142              1.236000         1.300682         0.064682         1000            
143              1.244000         1.305388         0.061388         1000            
144              1.252000         1.310094         0.058094         1000            
145              1.260000         1.314800         0.054800         1000            
146              1.268000         1.319506         0.051506         1000            
147              1.276000         1.324212         0.048212         1000            
148              1.284000         1.338706         0.054706         1000            
149              1.292000         1.353200         0.061200         1000            
150              1.300000         1.367694         0.067694         1000            
151              1.308000         1.382188         0.074188         1000            
152              1.316000         1.396682         0.080682         1000            
154              1.332000         1.411176         0.079176         1000            
155              1.340000         1.420776         0.080776         1000            
156              1.348000         1.425482         0.077482         1000            
157              1.356000         1.430188         0.074188         1000            
158              1.364000         1.444682         0.080682         1000            
160              1.380000         1.459176         0.079176         1000            
161              1.388000         1.468776         0.080776         1000            
164              1.412000         1.493059         0.081059         1000            
166              1.428000         1.507553         0.079553         1000            
167              1.436000         1.517153         0.081153         1000            
168              1.444000         1.521859         0.077859         1000            
169              1.452000         1.526565         0.074565         1000            
170              1.460000         1.531271         0.071271         1000            
171              1.468000         1.540871         0.072871         1000            
172              1.476000         1.545576         0.069576         1000            
173              1.484000         1.550282         0.066282         1000            
174              1.492000         1.554988         0.062988         1000            
175              1.500000         1.559694         0.059694         1000            
176              1.508000         1.564400         0.056400         1000            
177              1.516000         1.569106         0.053106         1000            
178              1.524000         1.573812         0.049812         1000            
179              1.532000         1.578518         0.046518         1000            
180              1.540000         1.583224         0.043224         1000            
181              1.548000         1.587929         0.039929         1000            
182              1.556000         1.594706         0.038706         1000            
183              1.564000         1.602706         0.038706         1000            
184              1.572000         1.617200         0.045200         1000            
185              1.580000         1.621906         0.041906         1000            
186              1.588000         1.626706         0.038706         1000            
187              1.596000         1.634706         0.038706         1000            
188              1.604000         1.642706         0.038706         1000            
189              1.612000         1.650706         0.038706         1000            
190              1.620000         1.658706         0.038706         1000            
191              1.628000         1.666706         0.038706         1000            
192              1.636000         1.674706         0.038706         1000            
193              1.644000         1.689200         0.045200         1000            
194              1.652000         1.703694         0.051694         1000            
195              1.660000         1.708400         0.048400         1000            
196              1.668000         1.713106         0.045106         1000            
197              1.676000         1.717812         0.041812         1000            
198              1.684000         1.722706         0.038706         1000            
199              1.692000         1.730706         0.038706         1000            
200              1.700000         1.738706         0.038706         1000            
201              1.708000         1.746706         0.038706         1000            
202              1.716000         1.761200         0.045200         1000            
203              1.724000         1.775694         0.051694         1000            
204              1.732000         1.790188         0.058188         1000            
205              1.740000         1.794894         0.054894         1000            
206              1.748000         1.799600         0.051600         1000            
207              1.756000         1.804306         0.048306         1000            
208              1.764000         1.809012         0.045012         1000            
209              1.772000         1.813718         0.041718         1000            
210              1.780000         1.818706         0.038706         1000            
211              1.788000         1.833200         0.045200         1000            
212              1.796000         1.837906         0.041906         1000            
213              1.804000         1.852400         0.048400         1000            
214              1.812000         1.866894         0.054894         1000            
215              1.820000         1.881388         0.061388         1000            
216              1.828000         1.895882         0.067882         1000            
217              1.836000         1.905482         0.069482         1000            
218              1.844000         1.919976         0.075976         1000            
219              1.852000         1.924682         0.072682         1000            
220              1.860000         1.934282         0.074282         1000            
221              1.868000         1.938988         0.070988         1000            
222              1.876000         1.943694         0.067694         1000            
223              1.884000         1.948400         0.064400         1000            
224              1.892000         1.953106         0.061106         1000            
225              1.900000         1.957812         0.057812         1000            
226              1.908000         1.972306         0.064306         1000            
227              1.916000         1.986800         0.070800         1000            
228              1.924000         2.001294         0.077294         1000            
229              1.932000         2.010894         0.078894         1000            
230              1.940000         2.015600         0.075600         1000            
232              1.956000         2.030094         0.074094         1000            
233              1.964000         2.039694         0.075694         1000            
234              1.972000         2.044400         0.072400         1000            
235              1.980000         2.049106         0.069106         1000            
236              1.988000         2.053812         0.065812         1000            
237              1.996000         2.063412         0.067412         1000            
238              2.004000         2.073012         0.069012         1000            
239              2.012000         2.082612         0.070612         1000            
240              2.020000         2.092212         0.072212         1000            
241              2.028000         2.106706         0.078706         1000            
242              2.036000         2.116306         0.080306         1000            
243              2.044000         2.121012         0.077012         1000            
244              2.052000         2.130612         0.078612         1000            
245              2.060000         2.140212         0.080212         1000            
246              2.068000         2.149812         0.081812         1000            
247              2.076000         2.154518         0.078518         1000            
248              2.084000         2.159224         0.075224         1000            
249              2.092000         2.168824         0.076824         1000            
250              2.100000         2.178424         0.078424         1000            
251              2.108000         2.183129         0.075129         1000            
252              2.116000         2.192729         0.076729         1000            
253              2.124000         2.202329         0.078329         1000            
254              2.132000         2.211929         0.079929         1000            
255              2.140000         2.221529         0.081529         1000            
256              2.148000         2.226235         0.078235         1000            
257              2.156000         2.230941         0.074941         1000            
258              2.164000         2.240541         0.076541         1000            
259              2.172000         2.250141         0.078141         1000            
260              2.180000         2.259741         0.079741         1000            
261              2.188000         2.264447         0.076447         1000            
262              2.196000         2.269153         0.073153         1000            
263              2.204000         2.273859         0.069859         1000            
264              2.212000         2.278565         0.066565         1000            
265              2.220000         2.283271         0.063271         1000            
266              2.228000         2.287976         0.059976         1000            
267              2.236000         2.292682         0.056682         1000            
268              2.244000         2.297388         0.053388         1000            
269              2.252000         2.302094         0.050094         1000            
270              2.260000         2.306800         0.046800         1000            
271              2.268000         2.311506         0.043506         1000            
272              2.276000         2.316212         0.040212         1000            
273              2.284000         2.322706         0.038706         1000            
274              2.292000         2.337200         0.045200         1000            
275              2.300000         2.341906         0.041906         1000            
276              2.308000         2.346706         0.038706         1000            
277              2.316000         2.354706         0.038706         1000            
278              2.324000         2.362706         0.038706         1000            
279              2.332000         2.370706         0.038706         1000            
280              2.340000         2.378706         0.038706         1000            
281              2.348000         2.386706         0.038706         1000            
282              2.356000         2.394706         0.038706         1000            
283              2.364000         2.409200         0.045200         1000            
284              2.372000         2.423694         0.051694         1000            
285              2.380000         2.428400         0.048400         1000            
286              2.388000         2.433106         0.045106         1000            
287              2.396000         2.437812         0.041812         1000            
288              2.404000         2.442706         0.038706         1000            
289              2.412000         2.450706         0.038706         1000            
290              2.420000         2.458706         0.038706         1000            
291              2.428000         2.466706         0.038706         1000            
292              2.436000         2.481200         0.045200         1000            
293              2.444000         2.495694         0.051694         1000            
294              2.452000         2.505294         0.053294         1000            
295              2.460000         2.510000         0.050000         1000            
296              2.468000         2.514706         0.046706         1000            
297              2.476000         2.519412         0.043412         1000            
298              2.484000         2.524118         0.040118         1000            
299              2.492000         2.530706         0.038706         1000            
300              2.500000         2.538706         0.038706         1000            
301              2.508000         2.553200         0.045200         1000            
302              2.516000         2.562800         0.046800         1000            
303              2.524000         2.577294         0.053294         1000            
304              2.532000         2.586894         0.054894         1000            
305              2.540000         2.591600         0.051600         1000            
306              2.548000         2.596306         0.048306         1000            
307              2.556000         2.601012         0.045012         1000            
308              2.564000         2.605718         0.041718         1000            
309              2.572000         2.610706         0.038706         1000            
310              2.580000         2.625200         0.045200         1000            
311              2.588000         2.629906         0.041906         1000            
312              2.596000         2.644400         0.048400         1000            
313              2.604000         2.658894         0.054894         1000            
314              2.612000         2.663600         0.051600         1000            
315              2.620000         2.673200         0.053200         1000            
316              2.628000         2.677906         0.049906         1000            
317              2.636000         2.682612         0.046612         1000            
318              2.644000         2.687318         0.043318         1000            
319              2.652000         2.701812         0.049812         1000            
320              2.660000         2.706518         0.046518         1000            
321              2.668000         2.716118         0.048118         1000            
322              2.676000         2.730612         0.054612         1000            
323              2.684000         2.740212         0.056212         1000            
324              2.692000         2.749812         0.057812         1000            
325              2.700000         2.759412         0.059412         1000            
326              2.708000         2.764118         0.056118         1000            
327              2.716000         2.768824         0.052824         1000            
328              2.724000         2.778424         0.054424         1000            
329              2.732000         2.788024         0.056024         1000            
330              2.740000         2.792729         0.052729         1000            
331              2.748000         2.802329         0.054329         1000            
332              2.756000         2.811929         0.055929         1000            
333              2.764000         2.821529         0.057529         1000            
334              2.772000         2.836024         0.064024         1000            
335              2.780000         2.845624         0.065624         1000            
336              2.788000         2.855224         0.067224         1000            
337              2.796000         2.859929         0.063929         1000            
338              2.804000         2.864635         0.060635         1000            
339              2.812000         2.874235         0.062235         1000            
340              2.820000         2.883835         0.063835         1000            
341              2.828000         2.888541         0.060541         1000            
342              2.836000         2.898141         0.062141         1000            
343              2.844000         2.907741         0.063741         1000            
344              2.852000         2.917341         0.065341         1000            
345              2.860000         2.926941         0.066941         1000            
346              2.868000         2.941435         0.073435         1000            
347              2.876000         2.951035         0.075035         1000            
348              2.884000         2.960635         0.076635         1000            
349              2.892000         2.965341         0.073341         1000            
350              2.900000         2.970047         0.070047         1000            
351              2.908000         2.979647         0.071647         1000            
352              2.916000         2.989247         0.073247         1000            
353              2.924000         2.998847         0.074847         1000            
354              2.932000         3.003553         0.071553         1000            
355              2.940000         3.013153         0.073153         1000            
356              2.948000         3.022753         0.074753         1000            
357              2.956000         3.032353         0.076353         1000            
358              2.964000         3.041953         0.077953         1000            
359              2.972000         3.051553         0.079553         1000            
360              2.980000         3.061153         0.081153         1000            
362              2.996000         3.070753         0.074753         1000            
363              3.004000         3.075459         0.071459         1000            
364              3.012000         3.085059         0.073059         1000            
365              3.020000         3.094659         0.074659         1000            
366              3.028000         3.104259         0.076259         1000            
367              3.036000         3.108965         0.072965         1000            
368              3.044000         3.118565         0.074565         1000            
369              3.052000         3.128165         0.076165         1000            
370              3.060000         3.137765         0.077765         1000            
371              3.068000         3.147365         0.079365         1000            
372              3.076000         3.152071         0.076071         1000            
373              3.084000         3.161671         0.077671         1000            
374              3.092000         3.171271         0.079271         1000            
375              3.100000         3.180871         0.080871         1000            
376              3.108000         3.185576         0.077576         1000            
377              3.116000         3.195176         0.079176         1000            
378              3.124000         3.204776         0.080776         1000            
379              3.132000         3.209482         0.077482         1000            
380              3.140000         3.214188         0.074188         1000            
381              3.148000         3.218894         0.070894         1000            
382              3.156000         3.223600         0.067600         1000            
383              3.164000         3.228306         0.064306         1000            
384              3.172000         3.233012         0.061012         1000            
385              3.180000         3.237718         0.057718         1000            
386              3.188000         3.242424         0.054424         1000            
387              3.196000         3.247129         0.051129         1000            
388              3.204000         3.251835         0.047835         1000            
389              3.212000         3.256541         0.044541         1000            
390              3.220000         3.261247         0.041247         1000            
391              3.228000         3.266706         0.038706         1000            
392              3.236000         3.281200         0.045200         1000            
393              3.244000         3.285906         0.041906         1000            
394              3.252000         3.290706         0.038706         1000            
395              3.260000         3.298706         0.038706         1000            
396              3.268000         3.306706         0.038706         1000            
397              3.276000         3.314706         0.038706         1000            
398              3.284000         3.322706         0.038706         1000            
399              3.292000         3.330706         0.038706         1000            
400              3.300000         3.338706         0.038706         1000            
401              3.308000         3.353200         0.045200         1000            
402              3.316000         3.367694         0.051694         1000            
403              3.324000         3.372400         0.048400         1000            
404              3.332000         3.377106         0.045106         1000            
405              3.340000         3.381812         0.041812         1000            
406              3.348000         3.386706         0.038706         1000            
407              3.356000         3.394706         0.038706         1000            
408              3.364000         3.402706         0.038706         1000            
409              3.372000         3.410706         0.038706         1000            
410              3.380000         3.425200         0.045200         1000            
411              3.388000         3.434800         0.046800         1000            
412              3.396000         3.449294         0.053294         1000            
413              3.404000         3.454000         0.050000         1000            
414              3.412000         3.458706         0.046706         1000            
415              3.420000         3.463412         0.043412         1000            
416              3.428000         3.468118         0.040118         1000            
417              3.436000         3.474706         0.038706         1000            
418              3.444000         3.482706         0.038706         1000            
419              3.452000         3.497200         0.045200         1000            
420              3.460000         3.501906         0.041906         1000            
421              3.468000         3.516400         0.048400         1000            
422              3.476000         3.530894         0.054894         1000            
423              3.484000         3.535600         0.051600         1000            
424              3.492000         3.540306         0.048306         1000            
425              3.500000         3.545012         0.045012         1000            
426              3.508000         3.549718         0.041718         1000            
427              3.516000         3.554706         0.038706         1000            
428              3.524000         3.569200         0.045200         1000            
429              3.532000         3.573906         0.041906         1000            
430              3.540000         3.583506         0.043506         1000            
431              3.548000         3.598000         0.050000         1000            
432              3.556000         3.607600         0.051600         1000            
433              3.564000         3.617200         0.053200         1000            
434              3.572000         3.621906         0.049906         1000            
435              3.580000         3.626612         0.046612         1000            
436              3.588000         3.631318         0.043318         1000            
437              3.596000         3.645812         0.049812         1000            
438              3.604000         3.650518         0.046518         1000            
439              3.612000         3.660118         0.048118         1000            
440              3.620000         3.669718         0.049718         1000            
441              3.628000         3.679318         0.051318         1000            
442              3.636000         3.688918         0.052918         1000            
443              3.644000         3.703412         0.059412         1000            
444              3.652000         3.708118         0.056118         1000            
445              3.660000         3.712824         0.052824         1000            
446              3.668000         3.722424         0.054424         1000            
447              3.676000         3.732024         0.056024         1000            
448              3.684000         3.736729         0.052729         1000            
449              3.692000         3.746329         0.054329         1000            
450              3.700000         3.755929         0.055929         1000            
451              3.708000         3.765529         0.057529         1000            
452              3.716000         3.775129         0.059129         1000            
453              3.724000         3.779835         0.055835         1000            
454              3.732000         3.794329         0.062329         1000            
455              3.740000         3.803929         0.063929         1000            
456              3.748000         3.808635         0.060635         1000            
457              3.756000         3.818235         0.062235         1000            
458              3.764000         3.827835         0.063835         1000            
459              3.772000         3.832541         0.060541         1000            
460              3.780000         3.842141         0.062141         1000            
461              3.788000         3.851741         0.063741         1000            
462              3.796000         3.861341         0.065341         1000            
463              3.804000         3.870941         0.066941         1000            
464              3.812000         3.875647         0.063647         1000            
465              3.820000         3.885247         0.065247         1000            
466              3.828000         3.894847         0.066847         1000            
467              3.836000         3.909341         0.073341         1000            
468              3.844000         3.914047         0.070047         1000            
469              3.852000         3.923647         0.071647         1000            
470              3.860000         3.933247         0.073247         1000            
471              3.868000         3.942847         0.074847         1000            
472              3.876000         3.947553         0.071553         1000            
473              3.884000         3.957153         0.073153         1000            
474              3.892000         3.966753         0.074753         1000            
475              3.900000         3.976353         0.076353         1000            
476              3.908000         3.981059         0.073059         1000            
477              3.916000         3.990659         0.074659         1000            
478              3.924000         4.000259         0.076259         1000            
479              3.932000         4.009859         0.077859         1000            
481              3.948000         4.024353         0.076353         1000            
482              3.956000         4.033953         0.077953         1000            
483              3.964000         4.043553         0.079553         1000            
484              3.972000         4.053153         0.081153         1000            
485              3.980000         4.057859         0.077859         1000            
486              3.988000         4.067459         0.079459         1000            
487              3.996000         4.077059         0.081059         1000            
488              4.004000         4.081765         0.077765         1000            
489              4.012000         4.086471         0.074471         1000            
490              4.020000         4.091176         0.071176         1000            
491              4.028000         4.095882         0.067882         1000            
492              4.036000         4.100588         0.064588         1000            
493              4.044000         4.105294         0.061294         1000            
494              4.052000         4.110000         0.058000         1000            
495              4.060000         4.114706         0.054706         1000            
496              4.068000         4.119412         0.051412         1000            
497              4.076000         4.124118         0.048118         1000            
498              4.084000         4.128824         0.044824         1000            
499              4.092000         4.133529         0.041529         1000            
500              4.100000         4.138706         0.038706         1000            
501              4.108000         4.146706         0.038706         1000            
502              4.116000         4.154706         0.038706         1000            
503              4.124000         4.162706         0.038706         1000            
504              4.132000         4.170706         0.038706         1000            
505              4.140000         4.178706         0.038706         1000            
506              4.148000         4.186706         0.038706         1000            
507              4.156000         4.194706         0.038706         1000            
508              4.164000         4.202706         0.038706         1000            
509              4.172000         4.210706         0.038706         1000            
510              4.180000         4.218706         0.038706         1000            
511              4.188000         4.226706         0.038706         1000            
512              4.196000         4.234706         0.038706         1000            
513              4.204000         4.242706         0.038706         1000            
514              4.212000         4.250706         0.038706         1000            
515              4.220000         4.258706         0.038706         1000            
516              4.228000         4.266706         0.038706         1000            
517              4.236000         4.274706         0.038706         1000            
518              4.244000         4.282706         0.038706         1000            
519              4.252000         4.290706         0.038706         1000            
520              4.260000         4.298706         0.038706         1000            
521              4.268000         4.306706         0.038706         1000            
522              4.276000         4.314706         0.038706         1000            
523              4.284000         4.322706         0.038706         1000            
524              4.292000         4.330706         0.038706         1000            
525              4.300000         4.338706         0.038706         1000            
526              4.308000         4.346706         0.038706         1000            
527              4.316000         4.354706         0.038706         1000            
528              4.324000         4.362706         0.038706         1000            
529              4.332000         4.370706         0.038706         1000            
530              4.340000         4.378706         0.038706         1000            
531              4.348000         4.386706         0.038706         1000            
532              4.356000         4.394706         0.038706         1000            
533              4.364000         4.402706         0.038706         1000            
534              4.372000         4.410706         0.038706         1000            
535              4.380000         4.418706         0.038706         1000            
536              4.388000         4.426706         0.038706         1000            
537              4.396000         4.434706         0.038706         1000            
538              4.404000         4.442706         0.038706         1000            
539              4.412000         4.450706         0.038706         1000            
540              4.420000         4.458706         0.038706         1000            
541              4.428000         4.466706         0.038706         1000            
542              4.436000         4.474706         0.038706         1000            
543              4.444000         4.482706         0.038706         1000            
544              4.452000         4.490706         0.038706         1000            
545              4.460000         4.498706         0.038706         1000            
546              4.468000         4.506706         0.038706         1000            
547              4.476000         4.514706         0.038706         1000            
548              4.484000         4.522706         0.038706         1000            
549              4.492000         4.530706         0.038706         1000            
