0                0.100000         1000            
1                0.108000         1000            
2                0.116000         1000            
3                0.124000         1000            
4                0.132000         1000            
5                0.140000         1000            
6                0.148000         1000            
7                0.156000         1000            
8                0.164000         1000            
9                0.172000         1000            
10               0.180000         1000            
11               0.188000         1000            
12               0.196000         1000            
13               0.204000         1000            
14               0.212000         1000            
15               0.220000         1000            
16               0.228000         1000            
17               0.236000         1000            
18               0.244000         1000            
19               0.252000         1000            
20               0.260000         1000            
21               0.268000         1000            
22               0.276000         1000            
23               0.284000         1000            
24               0.292000         1000            
25               0.300000         1000            
26               0.308000         1000            
27               0.316000         1000            
28               0.324000         1000            
29               0.332000         1000            
30               0.340000         1000            
31               0.348000         1000            
32               0.356000         1000            
33               0.364000         1000            
34               0.372000         1000            
35               0.380000         1000            
36               0.388000         1000            
37               0.396000         1000            
38               0.404000         1000            
39               0.412000         1000            
40               0.420000         1000            
41               0.428000         1000            
42               0.436000         1000            
43               0.444000         1000            
44               0.452000         1000            
45               0.460000         1000            
46               0.468000         1000            
47               0.476000         1000            
48               0.484000         1000            
49               0.492000         1000            
50               0.500000         1000            
51               0.508000         1000            
52               0.516000         1000            
53               0.524000         1000            
54               0.532000         1000            
55               0.540000         1000            
56               0.548000         1000            
57               0.556000         1000            
58               0.564000         1000            
59               0.572000         1000            
60               0.580000         1000            
61               0.588000         1000            
62               0.596000         1000            
63               0.604000         1000            
64               0.612000         1000            
65               0.620000         1000            
66               0.628000         1000            
67               0.636000         1000            
68               0.644000         1000            
69               0.652000         1000            
70               0.660000         1000            
71               0.668000         1000            
72               0.676000         1000            
73               0.684000         1000            
74               0.692000         1000            
75               0.700000         1000            
76               0.708000         1000            
77               0.716000         1000            
78               0.724000         1000            
79               0.732000         1000            
80               0.740000         1000            
81               0.748000         1000            
82               0.756000         1000            
83               0.764000         1000            
84               0.772000         1000            
85               0.780000         1000            
86               0.788000         1000            
87               0.796000         1000            
88               0.804000         1000            
89               0.812000         1000            
90               0.820000         1000            
91               0.828000         1000            
92               0.836000         1000            
93               0.844000         1000            
94               0.852000         1000            
95               0.860000         1000            
96               0.868000         1000            
97               0.876000         1000            
98               0.884000         1000            
99               0.892000         1000            
100              0.900000         1000            
101              0.908000         1000            
102              0.916000         1000            
103              0.924000         1000            
104              0.932000         1000            
105              0.940000         1000            
106              0.948000         1000            
107              0.956000         1000            
108              0.964000         1000            
109              0.972000         1000            
110              0.980000         1000            
111              0.988000         1000            
112              0.996000         1000            
113              1.004000         1000            
114              1.012000         1000            
115              1.020000         1000            
116              1.028000         1000            
117              1.036000         1000            
118              1.044000         1000            
119              1.052000         1000            
120              1.060000         1000            
121              1.068000         1000            
122              1.076000         1000            
123              1.084000         1000            
124              1.092000         1000            
125              1.100000         1000            
126              1.108000         1000            
127              1.116000         1000            
128              1.124000         1000            
129              1.132000         1000            
130              1.140000         1000            
131              1.148000         1000            
132              1.156000         1000            
133              1.164000         1000            
134              1.172000         1000            
135              1.180000         1000            
136              1.188000         1000            
137              1.196000         1000            
138              1.204000         1000            
139              1.212000         1000            
140              1.220000         1000            
141              1.228000         1000            
142              1.236000         1000            
143              1.244000         1000            
144              1.252000         1000            
145              1.260000         1000            
146              1.268000         1000            
147              1.276000         1000            
148              1.284000         1000            
149              1.292000         1000            
150              1.300000         1000            
151              1.308000         1000            
152              1.316000         1000            
153              1.324000         1000            
154              1.332000         1000            
155              1.340000         1000            
156              1.348000         1000            
157              1.356000         1000            
158              1.364000         1000            
159              1.372000         1000            
160              1.380000         1000            
161              1.388000         1000            
162              1.396000         1000            
163              1.404000         1000            
164              1.412000         1000            
165              1.420000         1000            
166              1.428000         1000            
167              1.436000         1000            
168              1.444000         1000            
169              1.452000         1000            
170              1.460000         1000            
171              1.468000         1000            
172              1.476000         1000            
173              1.484000         1000            
174              1.492000         1000            
175              1.500000         1000            
176              1.508000         1000            
177              1.516000         1000            
178              1.524000         1000            
179              1.532000         1000            
180              1.540000         1000            
181              1.548000         1000            
182              1.556000         1000            
183              1.564000         1000            
184              1.572000         1000            
185              1.580000         1000            
186              1.588000         1000            
187              1.596000         1000            
188              1.604000         1000            
189              1.612000         1000            
190              1.620000         1000            
191              1.628000         1000            
192              1.636000         1000            
193              1.644000         1000            
194              1.652000         1000            
195              1.660000         1000            
196              1.668000         1000            
197              1.676000         1000            
198              1.684000         1000            
199              1.692000         1000            
200              1.700000         1000            
201              1.708000         1000            
202              1.716000         1000            
203              1.724000         1000            
204              1.732000         1000            
205              1.740000         1000            
206              1.748000         1000            
207              1.756000         1000            
208              1.764000         1000            
209              1.772000         1000            
210              1.780000         1000            
211              1.788000         1000            
212              1.796000         1000            
213              1.804000         1000            
214              1.812000         1000            
215              1.820000         1000            
216              1.828000         1000            
217              1.836000         1000            
218              1.844000         1000            
219              1.852000         1000            
220              1.860000         1000            
221              1.868000         1000            
222              1.876000         1000            
223              1.884000         1000            
224              1.892000         1000            
225              1.900000         1000            
226              1.908000         1000            
227              1.916000         1000            
228              1.924000         1000            
229              1.932000         1000            
230              1.940000         1000            
231              1.948000         1000            
232              1.956000         1000            
233              1.964000         1000            
234              1.972000         1000            
235              1.980000         1000            
236              1.988000         1000            
237              1.996000         1000            
238              2.004000         1000            
239              2.012000         1000            
240              2.020000         1000            
241              2.028000         1000            
242              2.036000         1000            
243              2.044000         1000            
244              2.052000         1000            
245              2.060000         1000            
246              2.068000         1000            
247              2.076000         1000            
248              2.084000         1000            
249              2.092000         1000            
250              2.100000         1000            
251              2.108000         1000            
252              2.116000         1000            
253              2.124000         1000            
254              2.132000         1000            
255              2.140000         1000            
256              2.148000         1000            
257              2.156000         1000            
258              2.164000         1000            
259              2.172000         1000            
260              2.180000         1000            
261              2.188000         1000            
262              2.196000         1000            
263              2.204000         1000            
264              2.212000         1000            
265              2.220000         1000            
266              2.228000         1000            
267              2.236000         1000            
268              2.244000         1000            
269              2.252000         1000            
270              2.260000         1000            
271              2.268000         1000            
272              2.276000         1000            
273              2.284000         1000            
274              2.292000         1000            
275              2.300000         1000            
276              2.308000         1000            
277              2.316000         1000            
278              2.324000         1000            
279              2.332000         1000            
280              2.340000         1000            
281              2.348000         1000            
282              2.356000         1000            
283              2.364000         1000            
284              2.372000         1000            
285              2.380000         1000            
286              2.388000         1000            
287              2.396000         1000            
288              2.404000         1000            
289              2.412000         1000            
290              2.420000         1000            
291              2.428000         1000            
292              2.436000         1000            
293              2.444000         1000            
294              2.452000         1000            
295              2.460000         1000            
296              2.468000         1000            
297              2.476000         1000            
298              2.484000         1000            
299              2.492000         1000            
300              2.500000         1000            
301              2.508000         1000            
302              2.516000         1000            
303              2.524000         1000            
304              2.532000         1000            
305              2.540000         1000            
306              2.548000         1000            
307              2.556000         1000            
308              2.564000         1000            
309              2.572000         1000            
310              2.580000         1000            
311              2.588000         1000            
312              2.596000         1000            
313              2.604000         1000            
314              2.612000         1000            
315              2.620000         1000            
316              2.628000         1000            
317              2.636000         1000            
318              2.644000         1000            
319              2.652000         1000            
320              2.660000         1000            
321              2.668000         1000            
322              2.676000         1000            
323              2.684000         1000            
324              2.692000         1000            
325              2.700000         1000            
326              2.708000         1000            
327              2.716000         1000            
328              2.724000         1000            
329              2.732000         1000            
330              2.740000         1000            
331              2.748000         1000            
332              2.756000         1000            
333              2.764000         1000            
334              2.772000         1000            
335              2.780000         1000            
336              2.788000         1000            
337              2.796000         1000            
338              2.804000         1000            
339              2.812000         1000            
340              2.820000         1000            
341              2.828000         1000            
342              2.836000         1000            
343              2.844000         1000            
344              2.852000         1000            
345              2.860000         1000            
346              2.868000         1000            
347              2.876000         1000            
348              2.884000         1000            
349              2.892000         1000            
350              2.900000         1000            
351              2.908000         1000            
352              2.916000         1000            
353              2.924000         1000            
354              2.932000         1000            
355              2.940000         1000            
356              2.948000         1000            
357              2.956000         1000            
358              2.964000         1000            
359              2.972000         1000            
360              2.980000         1000            
361              2.988000         1000            
362              2.996000         1000            
363              3.004000         1000            
364              3.012000         1000            
365              3.020000         1000            
366              3.028000         1000            
367              3.036000         1000            
368              3.044000         1000            
369              3.052000         1000            
370              3.060000         1000            
371              3.068000         1000            
372              3.076000         1000            
373              3.084000         1000            
374              3.092000         1000            
375              3.100000         1000            
376              3.108000         1000            
377              3.116000         1000            
378              3.124000         1000            
379              3.132000         1000            
380              3.140000         1000            
381              3.148000         1000            
382              3.156000         1000            
383              3.164000         1000            
384              3.172000         1000            
385              3.180000         1000            
386              3.188000         1000            
387              3.196000         1000            
388              3.204000         1000            
389              3.212000         1000            
390              3.220000         1000            
391              3.228000         1000            
392              3.236000         1000            
393              3.244000         1000            
394              3.252000         1000            
395              3.260000         1000            
396              3.268000         1000            
397              3.276000         1000            
398              3.284000         1000            
399              3.292000         1000            
400              3.300000         1000            
401              3.308000         1000            
402              3.316000         1000            
403              3.324000         1000            
404              3.332000         1000            
405              3.340000         1000            
406              3.348000         1000            
407              3.356000         1000            
408              3.364000         1000            
409              3.372000         1000            
410              3.380000         1000            
411              3.388000         1000            
412              3.396000         1000            
413              3.404000         1000            
414              3.412000         1000            
415              3.420000         1000            
416              3.428000         1000            
417              3.436000         1000            
418              3.444000         1000            
419              3.452000         1000            
420              3.460000         1000            
421              3.468000         1000            
422              3.476000         1000            
423              3.484000         1000            
424              3.492000         1000            
425              3.500000         1000            
426              3.508000         1000            
427              3.516000         1000            
428              3.524000         1000            
429              3.532000         1000            
430              3.540000         1000            
431              3.548000         1000            
432              3.556000         1000            
433              3.564000         1000            
434              3.572000         1000            
435              3.580000         1000            
436              3.588000         1000            
437              3.596000         1000            
438              3.604000         1000            
439              3.612000         1000            
440              3.620000         1000            
441              3.628000         1000            
442              3.636000         1000            
443              3.644000         1000            
444              3.652000         1000            
445              3.660000         1000            
446              3.668000         1000            
447              3.676000         1000            
448              3.684000         1000            
449              3.692000         1000            
450              3.700000         1000            
451              3.708000         1000            
452              3.716000         1000            
453              3.724000         1000            
454              3.732000         1000            
455              3.740000         1000            
456              3.748000         1000            
457              3.756000         1000            
458              3.764000         1000            
459              3.772000         1000            
460              3.780000         1000            
461              3.788000         1000            
462              3.796000         1000            
463              3.804000         1000            
464              3.812000         1000            
465              3.820000         1000            
466              3.828000         1000            
467              3.836000         1000            
468              3.844000         1000            
469              3.852000         1000            
470              3.860000         1000            
471              3.868000         1000            
472              3.876000         1000            
473              3.884000         1000            
474              3.892000         1000            
475              3.900000         1000            
476              3.908000         1000            
477              3.916000         1000            
478              3.924000         1000            
479              3.932000         1000            
480              3.940000         1000            
481              3.948000         1000            
482              3.956000         1000            
483              3.964000         1000            
484              3.972000         1000            
485              3.980000         1000            
486              3.988000         1000            
487              3.996000         1000            
488              4.004000         1000            
489              4.012000         1000            
490              4.020000         1000            
491              4.028000         1000            
492              4.036000         1000            
493              4.044000         1000            
494              4.052000         1000            
495              4.060000         1000            
496              4.068000         1000            
497              4.076000         1000            
498              4.084000         1000            
499              4.092000         1000            
500              4.100000         1000            
501              4.108000         1000            
502              4.116000         1000            
503              4.124000         1000            
504              4.132000         1000            
505              4.140000         1000            
506              4.148000         1000            
507              4.156000         1000            
508              4.164000         1000            
509              4.172000         1000            
510              4.180000         1000            
511              4.188000         1000            
512              4.196000         1000            
513              4.204000         1000            
514              4.212000         1000            
515              4.220000         1000            
516              4.228000         1000            
517              4.236000         1000            
518              4.244000         1000            
519              4.252000         1000            
520              4.260000         1000            
521              4.268000         1000            
522              4.276000         1000            
523              4.284000         1000            
524              4.292000         1000            
525              4.300000         1000            
526              4.308000         1000            
527              4.316000         1000            
528              4.324000         1000            
529              4.332000         1000            
530              4.340000         1000            
531              4.348000         1000            
532              4.356000         1000            
533              4.364000         1000            
534              4.372000         1000            
535              4.380000         1000            
536              4.388000         1000            
537              4.396000         1000            
538              4.404000         1000            
539              4.412000         1000            
540              4.420000         1000            
541              4.428000         1000            
542              4.436000         1000            
543              4.444000         1000            
544              4.452000         1000            
545              4.460000         1000            
546              4.468000         1000            
547              4.476000         1000            
548              4.484000         1000            
549              4.492000         1000            
