1                1.034894         40              
2                1.104296         1040            
3                1.113896         1040            
4                1.175600         1040            
5                1.180494         1040            
6                1.190094         1040            
7                1.199694         1040            
8                1.247600         1040            
9                1.252494         1040            
10               1.262094         1040            
11               1.266988         1040            
12               1.276588         1040            
13               1.281482         1040            
14               1.291082         1040            
15               1.295976         1040            
16               1.329106         1040            
17               1.334000         1040            
18               1.343600         1040            
19               1.348494         1040            
20               1.358094         1040            
21               1.362988         1040            
22               1.372588         1040            
23               1.377482         1040            
24               1.387082         1040            
25               1.391976         1040            
26               1.401576         1040            
27               1.406471         1040            
28               1.416071         1040            
29               1.435082         1040            
30               1.439976         1040            
31               1.449576         1040            
32               1.454471         1040            
33               1.464071         1040            
34               1.473671         1040            
35               1.478565         1040            
36               1.483459         1040            
37               1.488353         1040            
38               1.497953         1040            
39               1.502847         1040            
40               1.512447         1040            
41               1.536165         1040            
42               1.607600         1040            
43               1.612494         1040            
44               1.679600         1040            
45               1.684494         1040            
46               1.694094         1040            
47               1.698988         1040            
48               1.751600         1040            
49               1.756494         1040            
50               1.766094         1040            
51               1.770988         1040            
52               1.780588         1040            
53               1.785482         1040            
54               1.823600         1040            
55               1.828494         1040            
56               1.842800         1040            
57               1.847694         1040            
58               1.857294         1040            
59               1.862188         1040            
60               1.871788         1040            
61               1.876682         1040            
62               1.886282         1040            
63               1.891176         1040            
64               1.900776         1040            
65               1.910376         1040            
66               1.915271         1040            
67               1.929576         1040            
68               1.962706         1040            
69               1.967600         1040            
70               1.977200         1040            
71               1.982094         1040            
72               1.991694         1040            
73               1.996588         1040            
74               2.006188         1040            
75               2.020494         1040            
76               2.025388         1040            
77               2.034988         1040            
78               2.058706         1040            
79               2.068306         1040            
80               2.077906         1040            
81               2.087506         1040            
82               2.097106         1040            
83               2.102000         1040            
84               2.111600         1040            
85               2.125906         1040            
86               2.135506         1040            
87               2.145106         1040            
88               2.164118         1040            
89               2.173718         1040            
90               2.188024         1040            
91               2.197624         1040            
92               2.207224         1040            
93               2.216824         1040            
94               2.235835         1040            
95               2.245435         1040            
96               2.255035         1040            
97               2.327600         1040            
98               2.332494         1040            
99               2.399600         1040            
100              2.404494         1040            
101              2.414094         1040            
102              2.418988         1040            
103              2.471600         1040            
104              2.476494         1040            
105              2.486094         1040            
106              2.490988         1040            
107              2.500588         1040            
108              2.543600         1040            
109              2.548494         1040            
110              2.558094         1040            
111              2.567694         1040            
112              2.572588         1040            
113              2.582188         1040            
114              2.615600         1040            
115              2.620494         1040            
116              2.634800         1040            
117              2.639694         1040            
118              2.649294         1040            
119              2.654188         1040            
120              2.668494         1040            
121              2.692212         1040            
122              2.697106         1040            
123              2.711412         1040            
124              2.721012         1040            
125              2.725906         1040            
126              2.735506         1040            
127              2.745106         1040            
128              2.754706         1040            
129              2.773718         1040            
130              2.783318         1040            
131              2.797624         1040            
132              2.807224         1040            
133              2.816824         1040            
134              2.826424         1040            
135              2.831318         1040            
136              2.840918         1040            
137              2.850518         1040            
138              2.869529         1040            
139              2.879129         1040            
140              2.893435         1040            
141              2.903035         1040            
142              2.912635         1040            
143              2.922235         1040            
144              2.931835         1040            
145              2.936729         1040            
146              2.946329         1040            
147              2.955929         1040            
148              2.974941         1040            
149              2.984541         1040            
150              2.994141         1040            
151              3.008447         1040            
152              3.018047         1040            
153              3.027647         1040            
154              3.037247         1040            
155              3.046847         1040            
156              3.056447         1040            
157              3.066047         1040            
158              3.080353         1040            
159              3.089953         1040            
160              3.099553         1040            
161              3.113859         1040            
162              3.123459         1040            
163              3.133059         1040            
164              3.142659         1040            
165              3.156965         1040            
166              3.166565         1040            
167              3.176165         1040            
168              3.190471         1040            
169              3.200071         1040            
170              3.271600         1040            
171              3.276494         1040            
172              3.343600         1040            
173              3.348494         1040            
174              3.358094         1040            
175              3.362988         1040            
176              3.415600         1040            
177              3.420494         1040            
178              3.430094         1040            
179              3.439694         1040            
180              3.444588         1040            
181              3.487600         1040            
182              3.492494         1040            
183              3.506800         1040            
184              3.511694         1040            
185              3.521294         1040            
186              3.526188         1040            
187              3.559600         1040            
188              3.564494         1040            
189              3.578800         1040            
190              3.588400         1040            
191              3.593294         1040            
192              3.602894         1040            
193              3.612494         1040            
194              3.636212         1040            
195              3.641106         1040            
196              3.655412         1040            
197              3.665012         1040            
198              3.674612         1040            
199              3.684212         1040            
200              3.693812         1040            
201              3.698706         1040            
202              3.717718         1040            
203              3.727318         1040            
204              3.741624         1040            
205              3.751224         1040            
206              3.760824         1040            
207              3.770424         1040            
208              3.784729         1040            
209              3.789624         1040            
210              3.799224         1040            
211              3.813529         1040            
212              3.823129         1040            
213              3.837435         1040            
214              3.847035         1040            
215              3.856635         1040            
216              3.866235         1040            
217              3.880541         1040            
218              3.890141         1040            
219              3.899741         1040            
220              3.904635         1040            
221              3.918941         1040            
222              3.928541         1040            
223              3.938141         1040            
224              3.952447         1040            
225              3.962047         1040            
226              3.971647         1040            
227              3.985953         1040            
228              3.995553         1040            
229              4.005153         1040            
230              4.014753         1040            
231              4.019647         1040            
232              4.029247         1040            
233              4.038847         1040            
234              4.048447         1040            
235              4.062753         1040            
236              4.072353         1040            
