0.14	0.00
0.15	1000.00
0.15	1000.00
0.16	1000.00
0.17	1000.00
0.18	1000.00
0.19	1000.00
0.19	1000.00
0.20	1000.00
0.21	1000.00
0.22	1000.00
0.23	1000.00
0.23	1000.00
0.24	1000.00
0.25	1000.00
0.26	1000.00
0.27	1000.00
0.27	1000.00
0.28	1000.00
0.29	1000.00
0.30	1000.00
0.31	1000.00
0.31	1000.00
0.32	1000.00
0.33	1000.00
0.34	1000.00
0.35	1000.00
0.35	1000.00
0.36	1000.00
0.37	1000.00
0.38	1000.00
0.39	1000.00
0.39	1000.00
0.40	1000.00
0.41	1000.00
0.42	1000.00
0.43	1000.00
0.43	1000.00
0.44	1000.00
0.45	1000.00
0.46	1000.00
0.47	1000.00
0.47	1000.00
0.48	1000.00
0.49	1000.00
0.50	1000.00
0.51	1000.00
0.51	1000.00
0.52	1000.00
0.53	1000.00
0.54	1000.00
0.55	1000.00
0.55	1000.00
0.56	1000.00
0.57	1000.00
0.58	1000.00
0.59	1000.00
0.59	1000.00
0.60	1000.00
0.61	1000.00
0.62	1000.00
0.63	1000.00
0.63	1000.00
0.64	1000.00
0.65	1000.00
0.66	1000.00
0.67	1000.00
0.67	1000.00
0.68	1000.00
0.69	1000.00
0.70	1000.00
0.71	1000.00
0.71	1000.00
0.72	1000.00
0.73	1000.00
0.74	1000.00
0.75	1000.00
0.75	1000.00
0.76	1000.00
0.77	1000.00
0.78	1000.00
0.79	1000.00
0.79	1000.00
0.80	1000.00
0.81	1000.00
0.82	1000.00
0.83	1000.00
0.83	1000.00
0.84	1000.00
0.85	1000.00
0.86	1000.00
0.87	1000.00
0.87	1000.00
0.88	1000.00
0.89	1000.00
0.90	1000.00
0.91	1000.00
0.91	1000.00
0.92	1000.00
0.93	1000.00
0.94	1000.00
0.95	1000.00
0.95	1000.00
0.96	1000.00
0.97	1000.00
0.98	1000.00
0.99	1000.00
0.99	1000.00
1.00	1000.00
1.01	1000.00
1.02	1000.00
1.03	1000.00
1.03	1000.00
1.04	1000.00
1.05	1000.00
1.06	1000.00
1.07	1000.00
1.07	1000.00
1.08	1000.00
1.09	1000.00
1.10	1000.00
1.11	997.63
1.12	996.02
1.12	999.39
1.13	1000.00
1.14	1000.00
1.15	1000.00
1.15	1000.00
1.16	1000.00
1.17	1000.00
1.19	993.79
1.19	992.34
1.20	990.90
1.21	994.02
1.21	997.11
1.22	1000.00
1.23	1000.00
1.23	1000.00
1.24	1000.00
1.26	994.19
1.27	988.54
1.29	983.02
1.30	977.64
1.31	980.56
1.31	983.45
1.31	986.32
1.32	989.16
1.32	991.98
1.34	986.67
1.35	981.48
1.37	976.41
1.38	971.47
1.40	966.63
1.41	961.91
1.42	960.95
1.43	963.65
1.43	966.33
1.44	961.73
1.46	957.23
1.47	956.34
1.49	945.10
1.51	940.94
1.52	940.19
1.52	942.77
1.53	945.34
1.53	947.89
1.54	947.11
1.55	949.63
1.55	952.13
1.55	954.61
1.56	957.08
1.56	959.53
1.57	961.97
1.57	964.39
1.58	966.79
1.58	969.18
1.59	971.56
1.59	972.53
1.60	972.68
1.62	968.55
1.62	970.87
1.63	973.12
1.63	973.26
1.64	973.40
1.65	973.54
1.66	973.68
1.67	973.82
1.67	973.96
1.69	970.01
1.70	966.14
1.71	968.34
1.71	970.53
1.72	972.70
1.72	974.75
1.73	974.87
1.74	975.00
1.75	975.12
1.76	971.34
1.78	967.63
1.79	963.98
1.79	966.07
1.80	968.15
1.80	970.22
1.81	972.28
1.81	974.32
1.82	976.19
1.83	972.56
1.84	974.58
1.85	971.00
1.87	967.49
1.88	964.03
1.90	960.63
1.91	959.94
1.92	956.62
1.92	958.58
1.93	957.91
1.94	959.85
1.94	961.78
1.95	963.70
1.95	965.61
1.96	967.51
1.97	964.22
1.99	960.99
2.00	957.81
2.01	957.17
2.02	959.03
2.03	955.91
2.04	955.29
2.04	957.13
2.05	958.96
2.05	960.78
2.06	960.15
2.07	959.52
2.08	958.89
2.09	958.28
2.11	955.28
2.12	954.69
2.12	956.46
2.13	955.87
2.14	955.28
2.15	954.70
2.15	956.44
2.16	958.17
2.17	957.58
2.18	957.00
2.18	958.71
2.19	958.12
2.20	957.54
2.21	956.96
2.22	956.39
2.23	958.07
2.23	959.74
2.24	959.16
2.25	958.59
2.26	958.02
2.26	959.67
2.27	961.30
2.27	962.93
2.28	964.55
2.28	966.16
2.29	967.77
2.29	969.37
2.30	970.96
2.30	972.55
2.31	974.13
2.31	975.70
2.32	977.26
2.32	978.02
2.34	975.21
2.34	976.76
2.35	978.26
2.35	978.34
2.36	978.42
2.37	978.49
2.38	978.57
2.39	978.65
2.39	978.72
2.41	976.00
2.42	973.31
2.43	974.80
2.43	976.29
2.44	977.77
2.44	979.17
2.45	979.24
2.46	979.31
2.47	979.38
2.48	976.74
2.50	974.12
2.51	973.55
2.51	975.00
2.51	976.43
2.52	977.86
2.52	979.29
2.53	979.93
2.54	980.00
2.55	977.43
2.56	976.86
2.58	974.33
2.59	973.78
2.59	975.17
2.60	976.56
2.60	977.95
2.61	979.32
2.61	980.58
2.63	978.08
2.63	979.45
2.64	976.97
2.66	974.53
2.66	975.88
2.67	975.34
2.68	976.69
2.68	978.02
2.69	979.36
2.70	976.94
2.71	978.26
2.72	977.72
2.73	975.34
2.74	974.82
2.75	974.30
2.76	973.78
2.76	975.09
2.77	976.38
2.78	975.86
2.79	975.35
2.79	976.63
2.80	976.11
2.81	975.60
2.82	975.09
2.84	972.82
2.85	972.32
2.86	971.83
2.86	973.09
2.86	974.35
2.87	973.85
2.88	973.36
2.89	974.60
2.90	974.11
2.91	973.62
2.92	973.14
2.93	972.66
2.94	970.48
2.95	970.01
2.96	969.55
2.97	970.77
2.97	971.98
2.98	971.51
2.99	971.04
3.00	970.58
3.00	971.78
3.01	971.32
3.02	970.86
3.03	970.40
3.04	969.95
3.05	969.50
3.06	969.05
3.07	968.61
3.08	969.78
3.09	969.33
3.09	968.89
3.10	968.45
3.11	969.61
3.12	969.17
3.13	968.74
3.14	968.30
3.15	967.87
3.15	969.02
3.16	968.59
3.17	968.16
3.18	967.73
3.19	968.86
3.20	968.44
3.20	968.01
3.21	969.14
3.21	970.25
3.22	971.37
3.22	972.48
3.23	973.59
3.23	974.69
3.24	975.79
3.24	976.89
3.25	977.99
3.25	979.08
3.26	980.17
3.26	981.25
3.27	982.10
3.28	980.11
3.29	981.19
3.29	982.23
3.30	982.28
3.31	982.32
3.31	982.37
3.32	982.41
3.33	982.46
3.34	982.50
3.35	980.56
3.37	978.63
3.37	979.68
3.38	980.73
3.38	981.77
3.39	982.76
3.39	982.80
3.40	982.84
3.41	982.89
3.43	980.98
3.43	980.55
3.45	978.68
3.45	979.70
3.46	980.72
3.46	981.74
3.47	982.76
3.47	983.21
3.48	983.25
3.50	981.39
3.50	982.40
3.52	980.55
3.53	978.72
3.54	979.72
3.54	980.71
3.55	981.71
3.55	982.70
3.55	983.61
3.57	981.78
3.57	982.77
3.58	982.35
3.60	980.55
3.61	980.14
3.62	979.73
3.62	980.71
3.63	981.68
3.63	982.65
3.65	980.87
3.65	981.83
3.66	981.42
3.67	981.02
3.68	980.62
3.69	980.22
3.70	978.48
3.71	979.43
3.71	980.38
3.72	979.99
3.73	979.60
3.74	980.54
3.75	980.15
3.76	979.76
3.77	979.37
3.78	978.98
3.78	979.92
3.79	978.22
3.80	977.84
3.81	978.77
3.82	978.39
3.83	978.01
3.83	978.93
3.84	978.55
3.85	978.18
3.86	977.80
3.87	977.43
3.88	978.34
3.89	977.97
3.89	977.60
3.91	975.96
3.91	976.87
3.92	976.50
3.93	976.14
3.94	975.78
3.95	976.67
3.96	976.31
3.97	975.95
3.98	975.60
3.98	976.48
3.99	976.13
4.00	975.77
4.01	975.42
4.02	973.84
4.03	973.49
4.04	973.15
4.05	972.81
4.06	973.68
4.07	973.34
4.08	973.00
4.08	973.86
4.09	974.73
4.09	975.59
4.10	976.45
4.10	977.31
4.11	978.17
4.11	979.03
4.11	979.88
4.12	980.73
4.12	981.58
4.13	982.43
4.13	983.27
4.14	984.00
4.15	984.03
4.15	984.06
4.16	984.10
4.17	984.13
4.18	984.16
4.19	984.19
4.19	984.22
4.20	984.25
4.21	984.28
4.22	984.31
4.23	984.34
4.23	984.38
4.24	984.41
4.25	984.44
4.26	984.47
4.27	984.50
4.27	984.53
4.28	984.56
4.29	984.59
4.30	984.62
4.31	984.64
4.31	984.67
4.32	984.70
4.33	984.73
4.34	984.76
4.35	984.79
4.35	984.82
4.36	984.85
4.37	984.88
4.38	984.91
4.39	984.93
4.39	984.96
4.40	984.99
4.41	985.02
4.42	985.05
4.43	985.07
4.43	985.10
4.44	985.13
4.45	985.16
4.46	985.19
4.47	985.21
4.47	985.24
4.48	985.27
4.49	985.29
4.50	985.32
4.51	985.35
4.51	985.37
4.52	985.40
4.53	985.43
4.53	0.00
