0.100000 0.038706
0.108000 0.038706
0.116000 0.038706
0.124000 0.038706
0.132000 0.038706
0.140000 0.038706
0.148000 0.038706
0.156000 0.038706
0.164000 0.038706
0.172000 0.038706
0.180000 0.038706
0.188000 0.038706
0.196000 0.038706
0.204000 0.038706
0.212000 0.038706
0.220000 0.038706
0.228000 0.038706
0.236000 0.038706
0.244000 0.038706
0.252000 0.038706
0.260000 0.038706
0.268000 0.038706
0.276000 0.038706
0.284000 0.038706
0.292000 0.038706
0.300000 0.038706
0.308000 0.038706
0.316000 0.038706
0.324000 0.038706
0.332000 0.038706
0.340000 0.038706
0.348000 0.038706
0.356000 0.038706
0.364000 0.038706
0.372000 0.038706
0.380000 0.038706
0.388000 0.038706
0.396000 0.038706
0.404000 0.038706
0.412000 0.038706
0.420000 0.038706
0.428000 0.038706
0.436000 0.038706
0.444000 0.038706
0.452000 0.038706
0.460000 0.038706
0.468000 0.038706
0.476000 0.038706
0.484000 0.038706
0.492000 0.038706
0.500000 0.038706
0.508000 0.038706
0.516000 0.038706
0.524000 0.038706
0.532000 0.038706
0.540000 0.038706
0.548000 0.038706
0.556000 0.038706
0.564000 0.038706
0.572000 0.038706
0.580000 0.038706
0.588000 0.038706
0.596000 0.038706
0.604000 0.038706
0.612000 0.038706
0.620000 0.038706
0.628000 0.038706
0.636000 0.038706
0.644000 0.038706
0.652000 0.038706
0.660000 0.038706
0.668000 0.038706
0.676000 0.038706
0.684000 0.038706
0.692000 0.038706
0.700000 0.038706
0.708000 0.038706
0.716000 0.038706
0.724000 0.038706
0.732000 0.038706
0.740000 0.038706
0.748000 0.038706
0.756000 0.038706
0.764000 0.038706
0.772000 0.038706
0.780000 0.038706
0.788000 0.038706
0.796000 0.038706
0.804000 0.038706
0.812000 0.038706
0.820000 0.038706
0.828000 0.038706
0.836000 0.038706
0.844000 0.038706
0.852000 0.038706
0.860000 0.038706
0.868000 0.038706
0.876000 0.038706
0.884000 0.038706
0.892000 0.038706
0.900000 0.038706
0.908000 0.038706
0.916000 0.038706
0.924000 0.038706
0.932000 0.038706
0.940000 0.038706
0.948000 0.038706
0.956000 0.038706
0.964000 0.038706
0.972000 0.038706
0.980000 0.038706
0.988000 0.038706
0.996000 0.038706
1.004000 0.038706
1.012000 0.038706
1.020000 0.038706
1.028000 0.038706
1.036000 0.038706
1.044000 0.038706
1.052000 0.038706
1.060000 0.038706
1.068000 0.041002
1.076000 0.042602
1.084000 0.039308
1.092000 0.038706
1.100000 0.038706
1.108000 0.038706
1.116000 0.038706
1.124000 0.038706
1.132000 0.038706
1.140000 0.045200
1.148000 0.046800
1.156000 0.048400
1.164000 0.045106
1.172000 0.041812
1.180000 0.038706
1.188000 0.038706
1.196000 0.038706
1.204000 0.038706
1.212000 0.045200
1.220000 0.051694
1.228000 0.058188
1.236000 0.064682
1.244000 0.061388
1.252000 0.058094
1.260000 0.054800
1.268000 0.051506
1.276000 0.048212
1.284000 0.054706
1.292000 0.061200
1.300000 0.067694
1.308000 0.074188
1.316000 0.080682
1.332000 0.079176
1.340000 0.080776
1.348000 0.077482
1.356000 0.074188
1.364000 0.080682
1.380000 0.079176
1.388000 0.080776
1.412000 0.081059
1.428000 0.079553
1.436000 0.081153
1.444000 0.077859
1.452000 0.074565
1.460000 0.071271
1.468000 0.072871
1.476000 0.069576
1.484000 0.066282
1.492000 0.062988
1.500000 0.059694
1.508000 0.056400
1.516000 0.053106
1.524000 0.049812
1.532000 0.046518
1.540000 0.043224
1.548000 0.039929
1.556000 0.038706
1.564000 0.038706
1.572000 0.045200
1.580000 0.041906
1.588000 0.038706
1.596000 0.038706
1.604000 0.038706
1.612000 0.038706
1.620000 0.038706
1.628000 0.038706
1.636000 0.038706
1.644000 0.045200
1.652000 0.051694
1.660000 0.048400
1.668000 0.045106
1.676000 0.041812
1.684000 0.038706
1.692000 0.038706
1.700000 0.038706
1.708000 0.038706
1.716000 0.045200
1.724000 0.051694
1.732000 0.058188
1.740000 0.054894
1.748000 0.051600
1.756000 0.048306
1.764000 0.045012
1.772000 0.041718
1.780000 0.038706
1.788000 0.045200
1.796000 0.041906
1.804000 0.048400
1.812000 0.054894
1.820000 0.061388
1.828000 0.067882
1.836000 0.069482
1.844000 0.075976
1.852000 0.072682
1.860000 0.074282
1.868000 0.070988
1.876000 0.067694
1.884000 0.064400
1.892000 0.061106
1.900000 0.057812
1.908000 0.064306
1.916000 0.070800
1.924000 0.077294
1.932000 0.078894
1.940000 0.075600
1.956000 0.074094
1.964000 0.075694
1.972000 0.072400
1.980000 0.069106
1.988000 0.065812
1.996000 0.067412
2.004000 0.069012
2.012000 0.070612
2.020000 0.072212
2.028000 0.078706
2.036000 0.080306
2.044000 0.077012
2.052000 0.078612
2.060000 0.080212
2.068000 0.081812
2.076000 0.078518
2.084000 0.075224
2.092000 0.076824
2.100000 0.078424
2.108000 0.075129
2.116000 0.076729
2.124000 0.078329
2.132000 0.079929
2.140000 0.081529
2.148000 0.078235
2.156000 0.074941
2.164000 0.076541
2.172000 0.078141
2.180000 0.079741
2.188000 0.076447
2.196000 0.073153
2.204000 0.069859
2.212000 0.066565
2.220000 0.063271
2.228000 0.059976
2.236000 0.056682
2.244000 0.053388
2.252000 0.050094
2.260000 0.046800
2.268000 0.043506
2.276000 0.040212
2.284000 0.038706
2.292000 0.045200
2.300000 0.041906
2.308000 0.038706
2.316000 0.038706
2.324000 0.038706
2.332000 0.038706
2.340000 0.038706
2.348000 0.038706
2.356000 0.038706
2.364000 0.045200
2.372000 0.051694
2.380000 0.048400
2.388000 0.045106
2.396000 0.041812
2.404000 0.038706
2.412000 0.038706
2.420000 0.038706
2.428000 0.038706
2.436000 0.045200
2.444000 0.051694
2.452000 0.053294
2.460000 0.050000
2.468000 0.046706
2.476000 0.043412
2.484000 0.040118
2.492000 0.038706
2.500000 0.038706
2.508000 0.045200
2.516000 0.046800
2.524000 0.053294
2.532000 0.054894
2.540000 0.051600
2.548000 0.048306
2.556000 0.045012
2.564000 0.041718
2.572000 0.038706
2.580000 0.045200
2.588000 0.041906
2.596000 0.048400
2.604000 0.054894
2.612000 0.051600
2.620000 0.053200
2.628000 0.049906
2.636000 0.046612
2.644000 0.043318
2.652000 0.049812
2.660000 0.046518
2.668000 0.048118
2.676000 0.054612
2.684000 0.056212
2.692000 0.057812
2.700000 0.059412
2.708000 0.056118
2.716000 0.052824
2.724000 0.054424
2.732000 0.056024
2.740000 0.052729
2.748000 0.054329
2.756000 0.055929
2.764000 0.057529
2.772000 0.064024
2.780000 0.065624
2.788000 0.067224
2.796000 0.063929
2.804000 0.060635
2.812000 0.062235
2.820000 0.063835
2.828000 0.060541
2.836000 0.062141
2.844000 0.063741
2.852000 0.065341
2.860000 0.066941
2.868000 0.073435
2.876000 0.075035
2.884000 0.076635
2.892000 0.073341
2.900000 0.070047
2.908000 0.071647
2.916000 0.073247
2.924000 0.074847
2.932000 0.071553
2.940000 0.073153
2.948000 0.074753
2.956000 0.076353
2.964000 0.077953
2.972000 0.079553
2.980000 0.081153
2.996000 0.074753
3.004000 0.071459
3.012000 0.073059
3.020000 0.074659
3.028000 0.076259
3.036000 0.072965
3.044000 0.074565
3.052000 0.076165
3.060000 0.077765
3.068000 0.079365
3.076000 0.076071
3.084000 0.077671
3.092000 0.079271
3.100000 0.080871
3.108000 0.077576
3.116000 0.079176
3.124000 0.080776
3.132000 0.077482
3.140000 0.074188
3.148000 0.070894
3.156000 0.067600
3.164000 0.064306
3.172000 0.061012
3.180000 0.057718
3.188000 0.054424
3.196000 0.051129
3.204000 0.047835
3.212000 0.044541
3.220000 0.041247
3.228000 0.038706
3.236000 0.045200
3.244000 0.041906
3.252000 0.038706
3.260000 0.038706
3.268000 0.038706
3.276000 0.038706
3.284000 0.038706
3.292000 0.038706
3.300000 0.038706
3.308000 0.045200
3.316000 0.051694
3.324000 0.048400
3.332000 0.045106
3.340000 0.041812
3.348000 0.038706
3.356000 0.038706
3.364000 0.038706
3.372000 0.038706
3.380000 0.045200
3.388000 0.046800
3.396000 0.053294
3.404000 0.050000
3.412000 0.046706
3.420000 0.043412
3.428000 0.040118
3.436000 0.038706
3.444000 0.038706
3.452000 0.045200
3.460000 0.041906
3.468000 0.048400
3.476000 0.054894
3.484000 0.051600
3.492000 0.048306
3.500000 0.045012
3.508000 0.041718
3.516000 0.038706
3.524000 0.045200
3.532000 0.041906
3.540000 0.043506
3.548000 0.050000
3.556000 0.051600
3.564000 0.053200
3.572000 0.049906
3.580000 0.046612
3.588000 0.043318
3.596000 0.049812
3.604000 0.046518
3.612000 0.048118
3.620000 0.049718
3.628000 0.051318
3.636000 0.052918
3.644000 0.059412
3.652000 0.056118
3.660000 0.052824
3.668000 0.054424
3.676000 0.056024
3.684000 0.052729
3.692000 0.054329
3.700000 0.055929
3.708000 0.057529
3.716000 0.059129
3.724000 0.055835
3.732000 0.062329
3.740000 0.063929
3.748000 0.060635
3.756000 0.062235
3.764000 0.063835
3.772000 0.060541
3.780000 0.062141
3.788000 0.063741
3.796000 0.065341
3.804000 0.066941
3.812000 0.063647
3.820000 0.065247
3.828000 0.066847
3.836000 0.073341
3.844000 0.070047
3.852000 0.071647
3.860000 0.073247
3.868000 0.074847
3.876000 0.071553
3.884000 0.073153
3.892000 0.074753
3.900000 0.076353
3.908000 0.073059
3.916000 0.074659
3.924000 0.076259
3.932000 0.077859
3.948000 0.076353
3.956000 0.077953
3.964000 0.079553
3.972000 0.081153
3.980000 0.077859
3.988000 0.079459
3.996000 0.081059
4.004000 0.077765
4.012000 0.074471
4.020000 0.071176
4.028000 0.067882
4.036000 0.064588
4.044000 0.061294
4.052000 0.058000
4.060000 0.054706
4.068000 0.051412
4.076000 0.048118
4.084000 0.044824
4.092000 0.041529
4.100000 0.038706
4.108000 0.038706
4.116000 0.038706
4.124000 0.038706
4.132000 0.038706
4.140000 0.038706
4.148000 0.038706
4.156000 0.038706
4.164000 0.038706
4.172000 0.038706
4.180000 0.038706
4.188000 0.038706
4.196000 0.038706
4.204000 0.038706
4.212000 0.038706
4.220000 0.038706
4.228000 0.038706
4.236000 0.038706
4.244000 0.038706
4.252000 0.038706
4.260000 0.038706
4.268000 0.038706
4.276000 0.038706
4.284000 0.038706
4.292000 0.038706
4.300000 0.038706
4.308000 0.038706
4.316000 0.038706
4.324000 0.038706
4.332000 0.038706
4.340000 0.038706
4.348000 0.038706
4.356000 0.038706
4.364000 0.038706
4.372000 0.038706
4.380000 0.038706
4.388000 0.038706
4.396000 0.038706
4.404000 0.038706
4.412000 0.038706
4.420000 0.038706
4.428000 0.038706
4.436000 0.038706
4.444000 0.038706
4.452000 0.038706
4.460000 0.038706
4.468000 0.038706
4.476000 0.038706
4.484000 0.038706
4.492000 0.038706
